  i  |     R     |     M     |     P     |     L     |     T     |
    1 4.6209e+08 1.9885e+30 1.2822e+07 3.8280e+26 1.1075e+06 -2.8407142857142855e+23
10001 2.0336e+08 1.9857e+30 1.4246e+13 3.8280e+26 2.6895e+06 -2.8407142857142855e+23
20001 1.9325e+08 1.9828e+30 3.3840e+13 3.8280e+26 3.1808e+06 -2.8407142857142855e+23
30001 1.8688e+08 1.9800e+30 5.6859e+13 3.8280e+26 3.5078e+06 -2.8407142857142855e+23
40001 1.8216e+08 1.9771e+30 8.2678e+13 3.8280e+26 3.7613e+06 -2.8407142857142855e+23
50001 1.7839e+08 1.9743e+30 1.1095e+14 3.8280e+26 3.9721e+06 -2.8407142857142855e+23
60001 1.7524e+08 1.9715e+30 1.4143e+14 3.8280e+26 4.1549e+06 -2.8407142857142855e+23
70001 1.7253e+08 1.9686e+30 1.7397e+14 3.8280e+26 4.3180e+06 -2.8407142857142855e+23
80001 1.7015e+08 1.9658e+30 2.0843e+14 3.8280e+26 4.4661e+06 -2.8407142857142855e+23
90001 1.6801e+08 1.9629e+30 2.4472e+14 3.8280e+26 4.6021e+06 -2.8407142857142855e+23
100001 1.6608e+08 1.9601e+30 2.8274e+14 3.8280e+26 4.7283e+06 -2.8407142857142855e+23
110001 1.6431e+08 1.9573e+30 3.2243e+14 3.8280e+26 4.8463e+06 -2.8407142857142855e+23
120001 1.6269e+08 1.9544e+30 3.6374e+14 3.8280e+26 4.9573e+06 -2.8407142857142855e+23
130001 1.6118e+08 1.9516e+30 4.0660e+14 3.8280e+26 5.0624e+06 -2.8407142857142855e+23
140001 1.5977e+08 1.9487e+30 4.5098e+14 3.8280e+26 5.1627e+06 -2.8407142857142855e+23
150001 1.5845e+08 1.9459e+30 4.9683e+14 3.8280e+26 5.2586e+06 -2.8407142857142855e+23
160001 1.5720e+08 1.9430e+30 5.4413e+14 3.8280e+26 5.3506e+06 -2.8407142857142855e+23
170001 1.5602e+08 1.9402e+30 5.9283e+14 3.8280e+26 5.4392e+06 -2.8407142857142855e+23
180001 1.5491e+08 1.9374e+30 6.4291e+14 3.8280e+26 5.5246e+06 -2.8407142857142855e+23
190001 1.5385e+08 1.9345e+30 6.9434e+14 3.8280e+26 5.6071e+06 -2.8407142857142855e+23
200001 1.5283e+08 1.9317e+30 7.4710e+14 3.8280e+26 5.6869e+06 -2.8407142857142855e+23
210001 1.5186e+08 1.9288e+30 8.0117e+14 3.8280e+26 5.7644e+06 -2.8407142857142855e+23
220001 1.5093e+08 1.9260e+30 8.5652e+14 3.8280e+26 5.8395e+06 -2.8407142857142855e+23
230001 1.5004e+08 1.9232e+30 9.1314e+14 3.8280e+26 5.9126e+06 -2.8407142857142855e+23
240001 1.4918e+08 1.9203e+30 9.7101e+14 3.8280e+26 5.9837e+06 -2.8407142857142855e+23
250001 1.4836e+08 1.9175e+30 1.0301e+15 3.8280e+26 6.0530e+06 -2.8407142857142855e+23
260001 1.4756e+08 1.9146e+30 1.0904e+15 3.8280e+26 6.1206e+06 -2.8407142857142855e+23
270001 1.4679e+08 1.9118e+30 1.1520e+15 3.8280e+26 6.1867e+06 -2.8407142857142855e+23
280001 1.4604e+08 1.9090e+30 1.2147e+15 3.8280e+26 6.2512e+06 -2.8407142857142855e+23
290001 1.4532e+08 1.9061e+30 1.2786e+15 3.8280e+26 6.3143e+06 -2.8407142857142855e+23
300001 1.4462e+08 1.9033e+30 1.3436e+15 3.8280e+26 6.3762e+06 -2.8407142857142855e+23
310001 1.4394e+08 1.9004e+30 1.4099e+15 3.8280e+26 6.4371e+06 -2.8407142857142855e+23
320001 1.4328e+08 1.8976e+30 1.4772e+15 3.8280e+26 6.4969e+06 -2.8407142857142855e+23
330001 1.4264e+08 1.8948e+30 1.5457e+15 3.8280e+26 6.5558e+06 -2.8407142857142855e+23
340001 1.4201e+08 1.8919e+30 1.6153e+15 3.8280e+26 6.6137e+06 -2.8407142857142855e+23
350001 1.4140e+08 1.8891e+30 1.6861e+15 3.8280e+26 6.6707e+06 -2.8407142857142855e+23
360001 1.4081e+08 1.8862e+30 1.7579e+15 3.8280e+26 6.7268e+06 -2.8407142857142855e+23
370001 1.4023e+08 1.8834e+30 1.8308e+15 3.8280e+26 6.7821e+06 -2.8407142857142855e+23
380001 1.3966e+08 1.8806e+30 1.9049e+15 3.8280e+26 6.8366e+06 -2.8407142857142855e+23
390001 1.3911e+08 1.8777e+30 1.9800e+15 3.8280e+26 6.8904e+06 -2.8407142857142855e+23
400001 1.3857e+08 1.8749e+30 2.0561e+15 3.8280e+26 6.9433e+06 -2.8407142857142855e+23
410001 1.3804e+08 1.8720e+30 2.1334e+15 3.8280e+26 6.9956e+06 -2.8407142857142855e+23
420001 1.3752e+08 1.8692e+30 2.2117e+15 3.8280e+26 7.0472e+06 -2.8407142857142855e+23
430001 1.3702e+08 1.8663e+30 2.2911e+15 3.8280e+26 7.0981e+06 -2.8407142857142855e+23
440001 1.3652e+08 1.8635e+30 2.3715e+15 3.8280e+26 7.1484e+06 -2.8407142857142855e+23
450001 1.3603e+08 1.8607e+30 2.4529e+15 3.8280e+26 7.1980e+06 -2.8407142857142855e+23
460001 1.3556e+08 1.8578e+30 2.5354e+15 3.8280e+26 7.2471e+06 -2.8407142857142855e+23
470001 1.3509e+08 1.8550e+30 2.6190e+15 3.8280e+26 7.2955e+06 -2.8407142857142855e+23
480001 1.3463e+08 1.8521e+30 2.7035e+15 3.8280e+26 7.3434e+06 -2.8407142857142855e+23
490001 1.3418e+08 1.8493e+30 2.7891e+15 3.8280e+26 7.3908e+06 -2.8407142857142855e+23
500001 1.3373e+08 1.8465e+30 2.8757e+15 3.8280e+26 7.4376e+06 -2.8407142857142855e+23
510001 1.3330e+08 1.8436e+30 2.9633e+15 3.8280e+26 7.4839e+06 -2.8407142857142855e+23
520001 1.3287e+08 1.8408e+30 3.0519e+15 3.8280e+26 7.5297e+06 -2.8407142857142855e+23
530001 1.3245e+08 1.8379e+30 3.1415e+15 3.8280e+26 7.5750e+06 -2.8407142857142855e+23
540001 1.3203e+08 1.8351e+30 3.2321e+15 3.8280e+26 7.6199e+06 -2.8407142857142855e+23
550001 1.3163e+08 1.8323e+30 3.3237e+15 3.8280e+26 7.6643e+06 -2.8407142857142855e+23
560001 1.3122e+08 1.8294e+30 3.4163e+15 3.8280e+26 7.7083e+06 -2.8407142857142855e+23
570001 1.3083e+08 1.8266e+30 3.5099e+15 3.8280e+26 7.7518e+06 -2.8407142857142855e+23
580001 1.3044e+08 1.8237e+30 3.6044e+15 3.8280e+26 7.7950e+06 -2.8407142857142855e+23
590001 1.3006e+08 1.8209e+30 3.6999e+15 3.8280e+26 7.8377e+06 -2.8407142857142855e+23
600001 1.2968e+08 1.8181e+30 3.7965e+15 3.8280e+26 7.8800e+06 -2.8407142857142855e+23
610001 1.2930e+08 1.8152e+30 3.8939e+15 3.8280e+26 7.9219e+06 -2.8407142857142855e+23
620001 1.2894e+08 1.8124e+30 3.9924e+15 3.8280e+26 7.9635e+06 -2.8407142857142855e+23
630001 1.2858e+08 1.8095e+30 4.0918e+15 3.8280e+26 8.0048e+06 -2.8407142857142855e+23
640001 1.2822e+08 1.8067e+30 4.1922e+15 3.8280e+26 8.0458e+06 -2.8407142857142855e+23
650001 1.2787e+08 1.8039e+30 4.2935e+15 3.8280e+26 8.0865e+06 -2.8407142857142855e+23
660001 1.2752e+08 1.8010e+30 4.3958e+15 3.8280e+26 8.1269e+06 -2.8407142857142855e+23
670001 1.2717e+08 1.7982e+30 4.4990e+15 3.8280e+26 8.1670e+06 -2.8407142857142855e+23
680001 1.2683e+08 1.7953e+30 4.6032e+15 3.8280e+26 8.2069e+06 -2.8407142857142855e+23
690001 1.2650e+08 1.7925e+30 4.7084e+15 3.8280e+26 8.2465e+06 -2.8407142857142855e+23
700001 1.2617e+08 1.7896e+30 4.8144e+15 3.8280e+26 8.2858e+06 -2.8407142857142855e+23
710001 1.2584e+08 1.7868e+30 4.9215e+15 3.8280e+26 8.3249e+06 -2.8407142857142855e+23
720001 1.2552e+08 1.7840e+30 5.0294e+15 3.8280e+26 8.3638e+06 -2.8407142857142855e+23
730001 1.2520e+08 1.7811e+30 5.1383e+15 3.8280e+26 8.4024e+06 -2.8407142857142855e+23
740001 1.2489e+08 1.7783e+30 5.2481e+15 3.8280e+26 8.4407e+06 -2.8407142857142855e+23
750001 1.2457e+08 1.7754e+30 5.3589e+15 3.8280e+26 8.4788e+06 -2.8407142857142855e+23
760001 1.2427e+08 1.7726e+30 5.4706e+15 3.8280e+26 8.5167e+06 -2.8407142857142855e+23
770001 1.2396e+08 1.7698e+30 5.5832e+15 3.8280e+26 8.5543e+06 -2.8407142857142855e+23
780001 1.2366e+08 1.7669e+30 5.6967e+15 3.8280e+26 8.5917e+06 -2.8407142857142855e+23
790001 1.2336e+08 1.7641e+30 5.8112e+15 3.8280e+26 8.6289e+06 -2.8407142857142855e+23
800001 1.2307e+08 1.7612e+30 5.9266e+15 3.8280e+26 8.6659e+06 -2.8407142857142855e+23
810001 1.2277e+08 1.7584e+30 6.0429e+15 3.8280e+26 8.7027e+06 -2.8407142857142855e+23
820001 1.2249e+08 1.7556e+30 6.1601e+15 3.8280e+26 8.7392e+06 -2.8407142857142855e+23
830001 1.2220e+08 1.7527e+30 6.2782e+15 3.8280e+26 8.7756e+06 -2.8407142857142855e+23
840001 1.2192e+08 1.7499e+30 6.3973e+15 3.8280e+26 8.8117e+06 -2.8407142857142855e+23
850001 1.2164e+08 1.7470e+30 6.5172e+15 3.8280e+26 8.8476e+06 -2.8407142857142855e+23
860001 1.2136e+08 1.7442e+30 6.6381e+15 3.8280e+26 8.8834e+06 -2.8407142857142855e+23
870001 1.2108e+08 1.7414e+30 6.7599e+15 3.8280e+26 8.9189e+06 -2.8407142857142855e+23
880001 1.2081e+08 1.7385e+30 6.8826e+15 3.8280e+26 8.9542e+06 -2.8407142857142855e+23
890001 1.2054e+08 1.7357e+30 7.0061e+15 3.8280e+26 8.9894e+06 -2.8407142857142855e+23
900001 1.2027e+08 1.7328e+30 7.1306e+15 3.8280e+26 9.0244e+06 -2.8407142857142855e+23
910001 1.2001e+08 1.7300e+30 7.2560e+15 3.8280e+26 9.0592e+06 -2.8407142857142855e+23
920001 1.1975e+08 1.7272e+30 7.3823e+15 3.8280e+26 9.0938e+06 -2.8407142857142855e+23
930001 1.1949e+08 1.7243e+30 7.5095e+15 3.8280e+26 9.1282e+06 -2.8407142857142855e+23
940001 1.1923e+08 1.7215e+30 7.6375e+15 3.8280e+26 9.1625e+06 -2.8407142857142855e+23
950001 1.1897e+08 1.7186e+30 7.7665e+15 3.8280e+26 9.1966e+06 -2.8407142857142855e+23
960001 1.1872e+08 1.7158e+30 7.8964e+15 3.8280e+26 9.2305e+06 -2.8407142857142855e+23
970001 1.1847e+08 1.7130e+30 8.0271e+15 3.8280e+26 9.2642e+06 -2.8407142857142855e+23
980001 1.1822e+08 1.7101e+30 8.1588e+15 3.8280e+26 9.2978e+06 -2.8407142857142855e+23
990001 1.1797e+08 1.7073e+30 8.2913e+15 3.8280e+26 9.3313e+06 -2.8407142857142855e+23
1000001 1.1773e+08 1.7044e+30 8.4247e+15 3.8280e+26 9.3645e+06 -2.8407142857142855e+23
1010001 1.1749e+08 1.7016e+30 8.5590e+15 3.8280e+26 9.3976e+06 -2.8407142857142855e+23
1020001 1.1724e+08 1.6987e+30 8.6942e+15 3.8280e+26 9.4306e+06 -2.8407142857142855e+23
1030001 1.1701e+08 1.6959e+30 8.8303e+15 3.8280e+26 9.4634e+06 -2.8407142857142855e+23
1040001 1.1677e+08 1.6931e+30 8.9672e+15 3.8280e+26 9.4961e+06 -2.8407142857142855e+23
1050001 1.1653e+08 1.6902e+30 9.1051e+15 3.8280e+26 9.5286e+06 -2.8407142857142855e+23
1060001 1.1630e+08 1.6874e+30 9.2438e+15 3.8280e+26 9.5610e+06 -2.8407142857142855e+23
1070001 1.1607e+08 1.6845e+30 9.3834e+15 3.8280e+26 9.5932e+06 -2.8407142857142855e+23
1080001 1.1584e+08 1.6817e+30 9.5238e+15 3.8280e+26 9.6253e+06 -2.8407142857142855e+23
1090001 1.1561e+08 1.6789e+30 9.6652e+15 3.8280e+26 9.6572e+06 -2.8407142857142855e+23
1100001 1.1538e+08 1.6760e+30 9.8074e+15 3.8280e+26 9.6890e+06 -2.8407142857142855e+23
1110001 1.1516e+08 1.6732e+30 9.9505e+15 3.8280e+26 9.7207e+06 -2.8407142857142855e+23
1120001 1.1494e+08 1.6703e+30 1.0094e+16 3.8280e+26 9.7522e+06 -2.8407142857142855e+23
1130001 1.1471e+08 1.6675e+30 1.0239e+16 3.8280e+26 9.7837e+06 -2.8407142857142855e+23
1140001 1.1450e+08 1.6647e+30 1.0385e+16 3.8280e+26 9.8149e+06 -2.8407142857142855e+23
1150001 1.1428e+08 1.6618e+30 1.0532e+16 3.8280e+26 9.8461e+06 -2.8407142857142855e+23
1160001 1.1406e+08 1.6590e+30 1.0679e+16 3.8280e+26 9.8771e+06 -2.8407142857142855e+23
1170001 1.1384e+08 1.6561e+30 1.0827e+16 3.8280e+26 9.9080e+06 -2.8407142857142855e+23
1180001 1.1363e+08 1.6533e+30 1.0977e+16 3.8280e+26 9.9388e+06 -2.8407142857142855e+23
1190001 1.1342e+08 1.6505e+30 1.1127e+16 3.8280e+26 9.9695e+06 -2.8407142857142855e+23
1200001 1.1321e+08 1.6476e+30 1.1277e+16 3.8280e+26 1.0000e+07 -2.8407142857142855e+23
1210001 1.1300e+08 1.6448e+30 1.1429e+16 3.8280e+26 1.0030e+07 -2.8407142857142855e+23
1220001 1.1279e+08 1.6419e+30 1.1582e+16 3.8280e+26 1.0061e+07 -2.8407142857142855e+23
1230001 1.1258e+08 1.6391e+30 1.1735e+16 3.8280e+26 1.0091e+07 -2.8407142857142855e+23
1240001 1.1238e+08 1.6363e+30 1.1890e+16 3.8280e+26 1.0121e+07 -2.8407142857142855e+23
1250001 1.1217e+08 1.6334e+30 1.2045e+16 3.8280e+26 1.0151e+07 -2.8407142857142855e+23
1260001 1.1197e+08 1.6306e+30 1.2201e+16 3.8280e+26 1.0181e+07 -2.8407142857142855e+23
1270001 1.1177e+08 1.6277e+30 1.2358e+16 3.8280e+26 1.0211e+07 -2.8407142857142855e+23
1280001 1.1157e+08 1.6249e+30 1.2516e+16 3.8280e+26 1.0241e+07 -2.8407142857142855e+23
1290001 1.1137e+08 1.6220e+30 1.2674e+16 3.8280e+26 1.0270e+07 -2.8407142857142855e+23
1300001 1.1117e+08 1.6192e+30 1.2834e+16 3.8280e+26 1.0300e+07 -2.8407142857142855e+23
1310001 1.1097e+08 1.6164e+30 1.2994e+16 3.8280e+26 1.0329e+07 -2.8407142857142855e+23
1320001 1.1078e+08 1.6135e+30 1.3156e+16 3.8280e+26 1.0358e+07 -2.8407142857142855e+23
1330001 1.1058e+08 1.6107e+30 1.3318e+16 3.8280e+26 1.0388e+07 -2.8407142857142855e+23
1340001 1.1039e+08 1.6078e+30 1.3481e+16 3.8280e+26 1.0417e+07 -2.8407142857142855e+23
1350001 1.1020e+08 1.6050e+30 1.3644e+16 3.8280e+26 1.0446e+07 -2.8407142857142855e+23
1360001 1.1001e+08 1.6022e+30 1.3809e+16 3.8280e+26 1.0475e+07 -2.8407142857142855e+23
1370001 1.0982e+08 1.5993e+30 1.3975e+16 3.8280e+26 1.0504e+07 -2.8407142857142855e+23
1380001 1.0963e+08 1.5965e+30 1.4141e+16 3.8280e+26 1.0533e+07 -2.8407142857142855e+23
1390001 1.0944e+08 1.5936e+30 1.4308e+16 3.8280e+26 1.0561e+07 -2.8407142857142855e+23
1400001 1.0925e+08 1.5908e+30 1.4476e+16 3.8280e+26 1.0590e+07 -2.8407142857142855e+23
1410001 1.0907e+08 1.5880e+30 1.4645e+16 3.8280e+26 1.0618e+07 -2.8407142857142855e+23
1420001 1.0888e+08 1.5851e+30 1.4815e+16 3.8280e+26 1.0647e+07 -2.8407142857142855e+23
1430001 1.0870e+08 1.5823e+30 1.4985e+16 3.8280e+26 1.0675e+07 -2.8407142857142855e+23
1440001 1.0852e+08 1.5794e+30 1.5157e+16 3.8280e+26 1.0703e+07 -2.8407142857142855e+23
1450001 1.0833e+08 1.5766e+30 1.5329e+16 3.8280e+26 1.0732e+07 -2.8407142857142855e+23
1460001 1.0815e+08 1.5738e+30 1.5502e+16 3.8280e+26 1.0760e+07 -2.8407142857142855e+23
1470001 1.0797e+08 1.5709e+30 1.5676e+16 3.8280e+26 1.0788e+07 -2.8407142857142855e+23
1480001 1.0779e+08 1.5681e+30 1.5851e+16 3.8280e+26 1.0816e+07 -2.8407142857142855e+23
1490001 1.0762e+08 1.5652e+30 1.6026e+16 3.8280e+26 1.0844e+07 -2.8407142857142855e+23
1500001 1.0744e+08 1.5624e+30 1.6203e+16 3.8280e+26 1.0871e+07 -2.8407142857142855e+23
1510001 1.0726e+08 1.5596e+30 1.6380e+16 3.8280e+26 1.0899e+07 -2.8407142857142855e+23
1520001 1.0709e+08 1.5567e+30 1.6558e+16 3.8280e+26 1.0927e+07 -2.8407142857142855e+23
1530001 1.0691e+08 1.5539e+30 1.6737e+16 3.8280e+26 1.0954e+07 -2.8407142857142855e+23
1540001 1.0674e+08 1.5510e+30 1.6917e+16 3.8280e+26 1.0982e+07 -2.8407142857142855e+23
1550001 1.0657e+08 1.5482e+30 1.7098e+16 3.8280e+26 1.1009e+07 -2.8407142857142855e+23
1560001 1.0639e+08 1.5453e+30 1.7280e+16 3.8280e+26 1.1037e+07 -2.8407142857142855e+23
1570001 1.0622e+08 1.5425e+30 1.7462e+16 3.8280e+26 1.1064e+07 -2.8407142857142855e+23
1580001 1.0605e+08 1.5397e+30 1.7645e+16 3.8280e+26 1.1091e+07 -2.8407142857142855e+23
1590001 1.0588e+08 1.5368e+30 1.7829e+16 3.8280e+26 1.1118e+07 -2.8407142857142855e+23
1600001 1.0571e+08 1.5340e+30 1.8014e+16 3.8280e+26 1.1145e+07 -2.8407142857142855e+23
1610001 1.0555e+08 1.5311e+30 1.8200e+16 3.8280e+26 1.1172e+07 -2.8407142857142855e+23
1620001 1.0538e+08 1.5283e+30 1.8386e+16 3.8280e+26 1.1199e+07 -2.8407142857142855e+23
1630001 1.0521e+08 1.5255e+30 1.8574e+16 3.8280e+26 1.1226e+07 -2.8407142857142855e+23
1640001 1.0505e+08 1.5226e+30 1.8762e+16 3.8280e+26 1.1253e+07 -2.8407142857142855e+23
1650001 1.0488e+08 1.5198e+30 1.8951e+16 3.8280e+26 1.1280e+07 -2.8407142857142855e+23
1660001 1.0472e+08 1.5169e+30 1.9141e+16 3.8280e+26 1.1306e+07 -2.8407142857142855e+23
1670001 1.0455e+08 1.5141e+30 1.9332e+16 3.8280e+26 1.1333e+07 -2.8407142857142855e+23
1680001 1.0439e+08 1.5113e+30 1.9523e+16 3.8280e+26 1.1360e+07 -2.8407142857142855e+23
1690001 1.0423e+08 1.5084e+30 1.9716e+16 3.8280e+26 1.1386e+07 -2.8407142857142855e+23
1700001 1.0407e+08 1.5056e+30 1.9909e+16 3.8280e+26 1.1412e+07 -2.8407142857142855e+23
1710001 1.0391e+08 1.5027e+30 2.0103e+16 3.8280e+26 1.1439e+07 -2.8407142857142855e+23
1720001 1.0375e+08 1.4999e+30 2.0298e+16 3.8280e+26 1.1465e+07 -2.8407142857142855e+23
1730001 1.0359e+08 1.4971e+30 2.0494e+16 3.8280e+26 1.1491e+07 -2.8407142857142855e+23
1740001 1.0343e+08 1.4942e+30 2.0690e+16 3.8280e+26 1.1518e+07 -2.8407142857142855e+23
1750001 1.0327e+08 1.4914e+30 2.0888e+16 3.8280e+26 1.1544e+07 -2.8407142857142855e+23
1760001 1.0312e+08 1.4885e+30 2.1086e+16 3.8280e+26 1.1570e+07 -2.8407142857142855e+23
1770001 1.0296e+08 1.4857e+30 2.1285e+16 3.8280e+26 1.1596e+07 -2.8407142857142855e+23
1780001 1.0280e+08 1.4829e+30 2.1485e+16 3.8280e+26 1.1622e+07 -2.8407142857142855e+23
1790001 1.0265e+08 1.4800e+30 2.1685e+16 3.8280e+26 1.1648e+07 -2.8407142857142855e+23
1800001 1.0249e+08 1.4772e+30 2.1887e+16 3.8280e+26 1.1673e+07 -2.8407142857142855e+23
1810001 1.0234e+08 1.4743e+30 2.2089e+16 3.8280e+26 1.1699e+07 -2.8407142857142855e+23
1820001 1.0219e+08 1.4715e+30 2.2293e+16 3.8280e+26 1.1725e+07 -2.8407142857142855e+23
1830001 1.0203e+08 1.4686e+30 2.2497e+16 3.8280e+26 1.1751e+07 -2.8407142857142855e+23
1840001 1.0188e+08 1.4658e+30 2.2701e+16 3.8280e+26 1.1776e+07 -2.8407142857142855e+23
1850001 1.0173e+08 1.4630e+30 2.2907e+16 3.8280e+26 1.1802e+07 -2.8407142857142855e+23
1860001 1.0158e+08 1.4601e+30 2.3114e+16 3.8280e+26 1.1827e+07 -2.8407142857142855e+23
1870001 1.0143e+08 1.4573e+30 2.3321e+16 3.8280e+26 1.1853e+07 -2.8407142857142855e+23
1880001 1.0128e+08 1.4544e+30 2.3529e+16 3.8280e+26 1.1878e+07 -2.8407142857142855e+23
1890001 1.0113e+08 1.4516e+30 2.3738e+16 3.8280e+26 1.1903e+07 -2.8407142857142855e+23
1900001 1.0098e+08 1.4488e+30 2.3948e+16 3.8280e+26 1.1929e+07 -2.8407142857142855e+23
1910001 1.0083e+08 1.4459e+30 2.4159e+16 3.8280e+26 1.1954e+07 -2.8407142857142855e+23
1920001 1.0068e+08 1.4431e+30 2.4370e+16 3.8280e+26 1.1979e+07 -2.8407142857142855e+23
1930001 1.0054e+08 1.4402e+30 2.4582e+16 3.8280e+26 1.2004e+07 -2.8407142857142855e+23
1940001 1.0039e+08 1.4374e+30 2.4795e+16 3.8280e+26 1.2029e+07 -2.8407142857142855e+23
1950001 1.0024e+08 1.4346e+30 2.5009e+16 3.8280e+26 1.2054e+07 -2.8407142857142855e+23
1960001 1.0010e+08 1.4317e+30 2.5224e+16 3.8280e+26 1.2079e+07 -2.8407142857142855e+23
1970001 9.9953e+07 1.4289e+30 2.5440e+16 3.8280e+26 1.2104e+07 -2.8407142857142855e+23
1980001 9.9808e+07 1.4260e+30 2.5656e+16 3.8280e+26 1.2129e+07 -2.8407142857142855e+23
1990001 9.9664e+07 1.4232e+30 2.5873e+16 3.8280e+26 1.2154e+07 -2.8407142857142855e+23
2000001 9.9521e+07 1.4204e+30 2.6091e+16 3.8280e+26 1.2179e+07 -2.8407142857142855e+23
2010001 9.9378e+07 1.4175e+30 2.6310e+16 3.8280e+26 1.2204e+07 -2.8407142857142855e+23
2020001 9.9235e+07 1.4147e+30 2.6530e+16 3.8280e+26 1.2228e+07 -2.8407142857142855e+23
2030001 9.9093e+07 1.4118e+30 2.6750e+16 3.8280e+26 1.2253e+07 -2.8407142857142855e+23
2040001 9.8952e+07 1.4090e+30 2.6972e+16 3.8280e+26 1.2278e+07 -2.8407142857142855e+23
2050001 9.8811e+07 1.4062e+30 2.7194e+16 3.8280e+26 1.2302e+07 -2.8407142857142855e+23
2060001 9.8670e+07 1.4033e+30 2.7417e+16 3.8280e+26 1.2327e+07 -2.8407142857142855e+23
2070001 9.8530e+07 1.4005e+30 2.7641e+16 3.8280e+26 1.2351e+07 -2.8407142857142855e+23
2080001 9.8390e+07 1.3976e+30 2.7865e+16 3.8280e+26 1.2376e+07 -2.8407142857142855e+23
2090001 9.8251e+07 1.3948e+30 2.8091e+16 3.8280e+26 1.2400e+07 -2.8407142857142855e+23
2100001 9.8112e+07 1.3919e+30 2.8317e+16 3.8280e+26 1.2425e+07 -2.8407142857142855e+23
2110001 9.7974e+07 1.3891e+30 2.8544e+16 3.8280e+26 1.2449e+07 -2.8407142857142855e+23
2120001 9.7836e+07 1.3863e+30 2.8772e+16 3.8280e+26 1.2473e+07 -2.8407142857142855e+23
2130001 9.7698e+07 1.3834e+30 2.9000e+16 3.8280e+26 1.2497e+07 -2.8407142857142855e+23
2140001 9.7561e+07 1.3806e+30 2.9230e+16 3.8280e+26 1.2522e+07 -2.8407142857142855e+23
2150001 9.7425e+07 1.3777e+30 2.9460e+16 3.8280e+26 1.2546e+07 -2.8407142857142855e+23
2160001 9.7288e+07 1.3749e+30 2.9691e+16 3.8280e+26 1.2570e+07 -2.8407142857142855e+23
2170001 9.7153e+07 1.3721e+30 2.9923e+16 3.8280e+26 1.2594e+07 -2.8407142857142855e+23
2180001 9.7017e+07 1.3692e+30 3.0156e+16 3.8280e+26 1.2618e+07 -2.8407142857142855e+23
2190001 9.6882e+07 1.3664e+30 3.0390e+16 3.8280e+26 1.2642e+07 -2.8407142857142855e+23
2200001 9.6748e+07 1.3635e+30 3.0624e+16 3.8280e+26 1.2666e+07 -2.8407142857142855e+23
2210001 9.6614e+07 1.3607e+30 3.0859e+16 3.8280e+26 1.2690e+07 -2.8407142857142855e+23
2220001 9.6480e+07 1.3579e+30 3.1095e+16 3.8280e+26 1.2714e+07 -2.8407142857142855e+23
2230001 9.6347e+07 1.3550e+30 3.1332e+16 3.8280e+26 1.2738e+07 -2.8407142857142855e+23
2240001 9.6214e+07 1.3522e+30 3.1570e+16 3.8280e+26 1.2762e+07 -2.8407142857142855e+23
2250001 9.6081e+07 1.3493e+30 3.1808e+16 3.8280e+26 1.2785e+07 -2.8407142857142855e+23
2260001 9.5949e+07 1.3465e+30 3.2048e+16 3.8280e+26 1.2809e+07 -2.8407142857142855e+23
2270001 9.5817e+07 1.3437e+30 3.2288e+16 3.8280e+26 1.2833e+07 -2.8407142857142855e+23
2280001 9.5686e+07 1.3408e+30 3.2529e+16 3.8280e+26 1.2857e+07 -2.8407142857142855e+23
2290001 9.5555e+07 1.3380e+30 3.2770e+16 3.8280e+26 1.2880e+07 -2.8407142857142855e+23
2300001 9.5424e+07 1.3351e+30 3.3013e+16 3.8280e+26 1.2904e+07 -2.8407142857142855e+23
2310001 9.5294e+07 1.3323e+30 3.3256e+16 3.8280e+26 1.2927e+07 -2.8407142857142855e+23
2320001 9.5164e+07 1.3295e+30 3.3500e+16 3.8280e+26 1.2951e+07 -2.8407142857142855e+23
2330001 9.5034e+07 1.3266e+30 3.3745e+16 3.8280e+26 1.2975e+07 -2.8407142857142855e+23
2340001 9.4905e+07 1.3238e+30 3.3991e+16 3.8280e+26 1.2998e+07 -2.8407142857142855e+23
2350001 9.4776e+07 1.3209e+30 3.4238e+16 3.8280e+26 1.3021e+07 -2.8407142857142855e+23
2360001 9.4647e+07 1.3181e+30 3.4485e+16 3.8280e+26 1.3045e+07 -2.8407142857142855e+23
2370001 9.4519e+07 1.3153e+30 3.4733e+16 3.8280e+26 1.3068e+07 -2.8407142857142855e+23
2380001 9.4391e+07 1.3124e+30 3.4982e+16 3.8280e+26 1.3092e+07 -2.8407142857142855e+23
2390001 9.4264e+07 1.3096e+30 3.5232e+16 3.8280e+26 1.3115e+07 -2.8407142857142855e+23
2400001 9.4137e+07 1.3067e+30 3.5483e+16 3.8280e+26 1.3138e+07 -2.8407142857142855e+23
2410001 9.4010e+07 1.3039e+30 3.5734e+16 3.8280e+26 1.3161e+07 -2.8407142857142855e+23
2420001 9.3883e+07 1.3010e+30 3.5986e+16 3.8280e+26 1.3185e+07 -2.8407142857142855e+23
2430001 9.3757e+07 1.2982e+30 3.6240e+16 3.8280e+26 1.3208e+07 -2.8407142857142855e+23
2440001 9.3631e+07 1.2954e+30 3.6493e+16 3.8280e+26 1.3231e+07 -2.8407142857142855e+23
2450001 9.3505e+07 1.2925e+30 3.6748e+16 3.8280e+26 1.3254e+07 -2.8407142857142855e+23
2460001 9.3380e+07 1.2897e+30 3.7004e+16 3.8280e+26 1.3277e+07 -2.8407142857142855e+23
2470001 9.3255e+07 1.2868e+30 3.7260e+16 3.8280e+26 1.3300e+07 -2.8407142857142855e+23
2480001 9.3131e+07 1.2840e+30 3.7517e+16 3.8280e+26 1.3323e+07 -2.8407142857142855e+23
2490001 9.3006e+07 1.2812e+30 3.7775e+16 3.8280e+26 1.3346e+07 -2.8407142857142855e+23
2500001 9.2882e+07 1.2783e+30 3.8034e+16 3.8280e+26 1.3369e+07 -2.8407142857142855e+23
2510001 9.2759e+07 1.2755e+30 3.8293e+16 3.8280e+26 1.3392e+07 -2.8407142857142855e+23
2520001 9.2635e+07 1.2726e+30 3.8554e+16 3.8280e+26 1.3415e+07 -2.8407142857142855e+23
2530001 9.2512e+07 1.2698e+30 3.8815e+16 3.8280e+26 1.3438e+07 -2.8407142857142855e+23
2540001 9.2389e+07 1.2670e+30 3.9077e+16 3.8280e+26 1.3461e+07 -2.8407142857142855e+23
2550001 9.2267e+07 1.2641e+30 3.9339e+16 3.8280e+26 1.3484e+07 -2.8407142857142855e+23
2560001 9.2144e+07 1.2613e+30 3.9603e+16 3.8280e+26 1.3507e+07 -2.8407142857142855e+23
2570001 9.2022e+07 1.2584e+30 3.9867e+16 3.8280e+26 1.3530e+07 -2.8407142857142855e+23
2580001 9.1901e+07 1.2556e+30 4.0132e+16 3.8280e+26 1.3552e+07 -2.8407142857142855e+23
2590001 9.1779e+07 1.2528e+30 4.0398e+16 3.8280e+26 1.3575e+07 -2.8407142857142855e+23
2600001 9.1658e+07 1.2499e+30 4.0665e+16 3.8280e+26 1.3598e+07 -2.8407142857142855e+23
2610001 9.1537e+07 1.2471e+30 4.0933e+16 3.8280e+26 1.3620e+07 -2.8407142857142855e+23
2620001 9.1417e+07 1.2442e+30 4.1201e+16 3.8280e+26 1.3643e+07 -2.8407142857142855e+23
2630001 9.1296e+07 1.2414e+30 4.1470e+16 3.8280e+26 1.3666e+07 -2.8407142857142855e+23
2640001 9.1176e+07 1.2386e+30 4.1740e+16 3.8280e+26 1.3688e+07 -2.8407142857142855e+23
2650001 9.1056e+07 1.2357e+30 4.2011e+16 3.8280e+26 1.3711e+07 -2.8407142857142855e+23
2660001 9.0937e+07 1.2329e+30 4.2283e+16 3.8280e+26 1.3734e+07 -2.8407142857142855e+23
2670001 9.0818e+07 1.2300e+30 4.2555e+16 3.8280e+26 1.3756e+07 -2.8407142857142855e+23
2680001 9.0699e+07 1.2272e+30 4.2828e+16 3.8280e+26 1.3779e+07 -2.8407142857142855e+23
2690001 9.0580e+07 1.2243e+30 4.3102e+16 3.8280e+26 1.3801e+07 -2.8407142857142855e+23
2700001 9.0461e+07 1.2215e+30 4.3377e+16 3.8280e+26 1.3824e+07 -2.8407142857142855e+23
2710001 9.0343e+07 1.2187e+30 4.3653e+16 3.8280e+26 1.3846e+07 -2.8407142857142855e+23
2720001 9.0225e+07 1.2158e+30 4.3929e+16 3.8280e+26 1.3869e+07 -2.8407142857142855e+23
2730001 9.0107e+07 1.2130e+30 4.4206e+16 3.8280e+26 1.3891e+07 -2.8407142857142855e+23
2740001 8.9990e+07 1.2101e+30 4.4484e+16 3.8280e+26 1.3913e+07 -2.8407142857142855e+23
2750001 8.9872e+07 1.2073e+30 4.4763e+16 3.8280e+26 1.3936e+07 -2.8407142857142855e+23
2760001 8.9755e+07 1.2045e+30 4.5043e+16 3.8280e+26 1.3958e+07 -2.8407142857142855e+23
2770001 8.9639e+07 1.2016e+30 4.5323e+16 3.8280e+26 1.3980e+07 -2.8407142857142855e+23
2780001 8.9522e+07 1.1988e+30 4.5604e+16 3.8280e+26 1.4003e+07 -2.8407142857142855e+23
2790001 8.9406e+07 1.1959e+30 4.5886e+16 3.8280e+26 1.4025e+07 -2.8407142857142855e+23
2800001 8.9289e+07 1.1931e+30 4.6169e+16 3.8280e+26 1.4047e+07 -2.8407142857142855e+23
2810001 8.9174e+07 1.1903e+30 4.6453e+16 3.8280e+26 1.4070e+07 -2.8407142857142855e+23
2820001 8.9058e+07 1.1874e+30 4.6737e+16 3.8280e+26 1.4092e+07 -2.8407142857142855e+23
2830001 8.8942e+07 1.1846e+30 4.7022e+16 3.8280e+26 1.4114e+07 -2.8407142857142855e+23
2840001 8.8827e+07 1.1817e+30 4.7308e+16 3.8280e+26 1.4136e+07 -2.8407142857142855e+23
2850001 8.8712e+07 1.1789e+30 4.7595e+16 3.8280e+26 1.4158e+07 -2.8407142857142855e+23
2860001 8.8597e+07 1.1761e+30 4.7883e+16 3.8280e+26 1.4181e+07 -2.8407142857142855e+23
2870001 8.8483e+07 1.1732e+30 4.8171e+16 3.8280e+26 1.4203e+07 -2.8407142857142855e+23
2880001 8.8368e+07 1.1704e+30 4.8460e+16 3.8280e+26 1.4225e+07 -2.8407142857142855e+23
2890001 8.8254e+07 1.1675e+30 4.8750e+16 3.8280e+26 1.4247e+07 -2.8407142857142855e+23
2900001 8.8140e+07 1.1647e+30 4.9041e+16 3.8280e+26 1.4269e+07 -2.8407142857142855e+23
2910001 8.8026e+07 1.1619e+30 4.9332e+16 3.8280e+26 1.4291e+07 -2.8407142857142855e+23
2920001 8.7913e+07 1.1590e+30 4.9625e+16 3.8280e+26 1.4313e+07 -2.8407142857142855e+23
2930001 8.7800e+07 1.1562e+30 4.9918e+16 3.8280e+26 1.4335e+07 -2.8407142857142855e+23
2940001 8.7686e+07 1.1533e+30 5.0212e+16 3.8280e+26 1.4357e+07 -2.8407142857142855e+23
2950001 8.7573e+07 1.1505e+30 5.0507e+16 3.8280e+26 1.4379e+07 -2.8407142857142855e+23
2960001 8.7461e+07 1.1476e+30 5.0802e+16 3.8280e+26 1.4401e+07 -2.8407142857142855e+23
2970001 8.7348e+07 1.1448e+30 5.1098e+16 3.8280e+26 1.4423e+07 -2.8407142857142855e+23
2980001 8.7236e+07 1.1420e+30 5.1395e+16 3.8280e+26 1.4445e+07 -2.8407142857142855e+23
2990001 8.7124e+07 1.1391e+30 5.1693e+16 3.8280e+26 1.4467e+07 -2.8407142857142855e+23
3000001 8.7012e+07 1.1363e+30 5.1992e+16 3.8280e+26 1.4489e+07 -2.8407142857142855e+23
3010001 8.6900e+07 1.1334e+30 5.2291e+16 3.8280e+26 1.4511e+07 -2.8407142857142855e+23
3020001 8.6788e+07 1.1306e+30 5.2592e+16 3.8280e+26 1.4533e+07 -2.8407142857142855e+23
3030001 8.6677e+07 1.1278e+30 5.2893e+16 3.8280e+26 1.4554e+07 -2.8407142857142855e+23
3040001 8.6565e+07 1.1249e+30 5.3195e+16 3.8280e+26 1.4576e+07 -2.8407142857142855e+23
3050001 8.6454e+07 1.1221e+30 5.3497e+16 3.8280e+26 1.4598e+07 -2.8407142857142855e+23
3060001 8.6343e+07 1.1192e+30 5.3801e+16 3.8280e+26 1.4620e+07 -2.8407142857142855e+23
3070001 8.6233e+07 1.1164e+30 5.4105e+16 3.8280e+26 1.4642e+07 -2.8407142857142855e+23
3080001 8.6122e+07 1.1136e+30 5.4410e+16 3.8280e+26 1.4663e+07 -2.8407142857142855e+23
3090001 8.6012e+07 1.1107e+30 5.4716e+16 3.8280e+26 1.4685e+07 -2.8407142857142855e+23
3100001 8.5902e+07 1.1079e+30 5.5022e+16 3.8280e+26 1.4707e+07 -2.8407142857142855e+23
3110001 8.5791e+07 1.1050e+30 5.5330e+16 3.8280e+26 1.4729e+07 -2.8407142857142855e+23
3120001 8.5682e+07 1.1022e+30 5.5638e+16 3.8280e+26 1.4751e+07 -2.8407142857142855e+23
3130001 8.5572e+07 1.0994e+30 5.5947e+16 3.8280e+26 1.4772e+07 -2.8407142857142855e+23
3140001 8.5462e+07 1.0965e+30 5.6256e+16 3.8280e+26 1.4794e+07 -2.8407142857142855e+23
3150001 8.5353e+07 1.0937e+30 5.6567e+16 3.8280e+26 1.4816e+07 -2.8407142857142855e+23
3160001 8.5244e+07 1.0908e+30 5.6878e+16 3.8280e+26 1.4837e+07 -2.8407142857142855e+23
3170001 8.5135e+07 1.0880e+30 5.7190e+16 3.8280e+26 1.4859e+07 -2.8407142857142855e+23
3180001 8.5026e+07 1.0852e+30 5.7503e+16 3.8280e+26 1.4881e+07 -2.8407142857142855e+23
3190001 8.4917e+07 1.0823e+30 5.7817e+16 3.8280e+26 1.4902e+07 -2.8407142857142855e+23
3200001 8.4808e+07 1.0795e+30 5.8131e+16 3.8280e+26 1.4924e+07 -2.8407142857142855e+23
3210001 8.4700e+07 1.0766e+30 5.8446e+16 3.8280e+26 1.4946e+07 -2.8407142857142855e+23
3220001 8.4592e+07 1.0738e+30 5.8762e+16 3.8280e+26 1.4967e+07 -2.8407142857142855e+23
3230001 8.4484e+07 1.0709e+30 5.9079e+16 3.8280e+26 1.4989e+07 -2.8407142857142855e+23
3240001 8.4376e+07 1.0681e+30 5.9397e+16 3.8280e+26 1.5010e+07 -2.8407142857142855e+23
3250001 8.4268e+07 1.0653e+30 5.9715e+16 3.8280e+26 1.5032e+07 -2.8407142857142855e+23
3260001 8.4160e+07 1.0624e+30 6.0034e+16 3.8280e+26 1.5054e+07 -2.8407142857142855e+23
3270001 8.4053e+07 1.0596e+30 6.0354e+16 3.8280e+26 1.5075e+07 -2.8407142857142855e+23
3280001 8.3945e+07 1.0567e+30 6.0675e+16 3.8280e+26 1.5097e+07 -2.8407142857142855e+23
3290001 8.3838e+07 1.0539e+30 6.0996e+16 3.8280e+26 1.5118e+07 -2.8407142857142855e+23
3300001 8.3731e+07 1.0511e+30 6.1318e+16 3.8280e+26 1.5140e+07 -2.8407142857142855e+23
3310001 8.3624e+07 1.0482e+30 6.1641e+16 3.8280e+26 1.5161e+07 -2.8407142857142855e+23
3320001 8.3517e+07 1.0454e+30 6.1965e+16 3.8280e+26 1.5183e+07 -2.8407142857142855e+23
3330001 8.3410e+07 1.0425e+30 6.2290e+16 3.8280e+26 1.5204e+07 -2.8407142857142855e+23
3340001 8.3304e+07 1.0397e+30 6.2615e+16 3.8280e+26 1.5226e+07 -2.8407142857142855e+23
3350001 8.3197e+07 1.0369e+30 6.2941e+16 3.8280e+26 1.5247e+07 -2.8407142857142855e+23
3360001 8.3091e+07 1.0340e+30 6.3268e+16 3.8280e+26 1.5269e+07 -2.8407142857142855e+23
3370001 8.2985e+07 1.0312e+30 6.3596e+16 3.8280e+26 1.5290e+07 -2.8407142857142855e+23
3380001 8.2878e+07 1.0283e+30 6.3924e+16 3.8280e+26 1.5312e+07 -2.8407142857142855e+23
3390001 8.2772e+07 1.0255e+30 6.4254e+16 3.8280e+26 1.5333e+07 -2.8407142857142855e+23
3400001 8.2667e+07 1.0227e+30 6.4584e+16 3.8280e+26 1.5354e+07 -2.8407142857142855e+23
3410001 8.2561e+07 1.0198e+30 6.4914e+16 3.8280e+26 1.5376e+07 -2.8407142857142855e+23
3420001 8.2455e+07 1.0170e+30 6.5246e+16 3.8280e+26 1.5397e+07 -2.8407142857142855e+23
3430001 8.2350e+07 1.0141e+30 6.5578e+16 3.8280e+26 1.5419e+07 -2.8407142857142855e+23
3440001 8.2245e+07 1.0113e+30 6.5911e+16 3.8280e+26 1.5440e+07 -2.8407142857142855e+23
3450001 8.2139e+07 1.0085e+30 6.6245e+16 3.8280e+26 1.5462e+07 -2.8407142857142855e+23
3460001 8.2034e+07 1.0056e+30 6.6580e+16 3.8280e+26 1.5483e+07 -2.8407142857142855e+23
3470001 8.1929e+07 1.0028e+30 6.6915e+16 3.8280e+26 1.5504e+07 -2.8407142857142855e+23
3480001 8.1824e+07 9.9993e+29 6.7251e+16 3.8280e+26 1.5526e+07 -2.8407142857142855e+23
3490001 8.1720e+07 9.9709e+29 6.7588e+16 3.8280e+26 1.5547e+07 -2.8407142857142855e+23
3500001 8.1615e+07 9.9425e+29 6.7926e+16 3.8280e+26 1.5568e+07 -2.8407142857142855e+23
3510001 8.1510e+07 9.9141e+29 6.8264e+16 3.8280e+26 1.5590e+07 -2.8407142857142855e+23
3520001 8.1406e+07 9.8857e+29 6.8604e+16 3.8280e+26 1.5611e+07 -2.8407142857142855e+23
3530001 8.1302e+07 9.8573e+29 6.8944e+16 3.8280e+26 1.5633e+07 -2.8407142857142855e+23
3540001 8.1197e+07 9.8289e+29 6.9284e+16 3.8280e+26 1.5654e+07 -2.8407142857142855e+23
3550001 8.1093e+07 9.8005e+29 6.9626e+16 3.8280e+26 1.5675e+07 -2.8407142857142855e+23
3560001 8.0989e+07 9.7721e+29 6.9968e+16 3.8280e+26 1.5697e+07 -2.8407142857142855e+23
3570001 8.0885e+07 9.7436e+29 7.0311e+16 3.8280e+26 1.5718e+07 -2.8407142857142855e+23
3580001 8.0781e+07 9.7152e+29 7.0655e+16 3.8280e+26 1.5739e+07 -2.8407142857142855e+23
3590001 8.0678e+07 9.6868e+29 7.1000e+16 3.8280e+26 1.5761e+07 -2.8407142857142855e+23
3600001 8.0574e+07 9.6584e+29 7.1345e+16 3.8280e+26 1.5782e+07 -2.8407142857142855e+23
3610001 8.0470e+07 9.6300e+29 7.1691e+16 3.8280e+26 1.5803e+07 -2.8407142857142855e+23
3620001 8.0367e+07 9.6016e+29 7.2038e+16 3.8280e+26 1.5824e+07 -2.8407142857142855e+23
3630001 8.0264e+07 9.5732e+29 7.2386e+16 3.8280e+26 1.5846e+07 -2.8407142857142855e+23
3640001 8.0160e+07 9.5448e+29 7.2734e+16 3.8280e+26 1.5867e+07 -2.8407142857142855e+23
3650001 8.0057e+07 9.5164e+29 7.3083e+16 3.8280e+26 1.5888e+07 -2.8407142857142855e+23
3660001 7.9954e+07 9.4880e+29 7.3433e+16 3.8280e+26 1.5910e+07 -2.8407142857142855e+23
3670001 7.9851e+07 9.4596e+29 7.3784e+16 3.8280e+26 1.5931e+07 -2.8407142857142855e+23
3680001 7.9748e+07 9.4312e+29 7.4135e+16 3.8280e+26 1.5952e+07 -2.8407142857142855e+23
3690001 7.9645e+07 9.4028e+29 7.4487e+16 3.8280e+26 1.5973e+07 -2.8407142857142855e+23
3700001 7.9543e+07 9.3744e+29 7.4840e+16 3.8280e+26 1.5995e+07 -2.8407142857142855e+23
3710001 7.9440e+07 9.3459e+29 7.5194e+16 3.8280e+26 1.6016e+07 -2.8407142857142855e+23
3720001 7.9338e+07 9.3175e+29 7.5548e+16 3.8280e+26 1.6037e+07 -2.8407142857142855e+23
3730001 7.9235e+07 9.2891e+29 7.5903e+16 3.8280e+26 1.6059e+07 -2.8407142857142855e+23
3740001 7.9133e+07 9.2607e+29 7.6259e+16 3.8280e+26 1.6080e+07 -2.8407142857142855e+23
3750001 7.9030e+07 9.2323e+29 7.6616e+16 3.8280e+26 1.6101e+07 -2.8407142857142855e+23
3760001 7.8928e+07 9.2039e+29 7.6973e+16 3.8280e+26 1.6122e+07 -2.8407142857142855e+23
3770001 7.8826e+07 9.1755e+29 7.7332e+16 3.8280e+26 1.6144e+07 -2.8407142857142855e+23
3780001 7.8724e+07 9.1471e+29 7.7691e+16 3.8280e+26 1.6165e+07 -2.8407142857142855e+23
3790001 7.8622e+07 9.1187e+29 7.8050e+16 3.8280e+26 1.6186e+07 -2.8407142857142855e+23
3800001 7.8520e+07 9.0903e+29 7.8411e+16 3.8280e+26 1.6207e+07 -2.8407142857142855e+23
3810001 7.8418e+07 9.0619e+29 7.8772e+16 3.8280e+26 1.6229e+07 -2.8407142857142855e+23
3820001 7.8316e+07 9.0335e+29 7.9134e+16 3.8280e+26 1.6250e+07 -2.8407142857142855e+23
3830001 7.8214e+07 9.0051e+29 7.9496e+16 3.8280e+26 1.6271e+07 -2.8407142857142855e+23
3840001 7.8113e+07 8.9767e+29 7.9860e+16 3.8280e+26 1.6292e+07 -2.8407142857142855e+23
3850001 7.8011e+07 8.9482e+29 8.0224e+16 3.8280e+26 1.6314e+07 -2.8407142857142855e+23
3860001 7.7909e+07 8.9198e+29 8.0589e+16 3.8280e+26 1.6335e+07 -2.8407142857142855e+23
3870001 7.7808e+07 8.8914e+29 8.0954e+16 3.8280e+26 1.6356e+07 -2.8407142857142855e+23
3880001 7.7707e+07 8.8630e+29 8.1321e+16 3.8280e+26 1.6377e+07 -2.8407142857142855e+23
3890001 7.7605e+07 8.8346e+29 8.1688e+16 3.8280e+26 1.6399e+07 -2.8407142857142855e+23
3900001 7.7504e+07 8.8062e+29 8.2056e+16 3.8280e+26 1.6420e+07 -2.8407142857142855e+23
3910001 7.7403e+07 8.7778e+29 8.2424e+16 3.8280e+26 1.6441e+07 -2.8407142857142855e+23
3920001 7.7301e+07 8.7494e+29 8.2794e+16 3.8280e+26 1.6462e+07 -2.8407142857142855e+23
3930001 7.7200e+07 8.7210e+29 8.3164e+16 3.8280e+26 1.6484e+07 -2.8407142857142855e+23
3940001 7.7099e+07 8.6926e+29 8.3535e+16 3.8280e+26 1.6505e+07 -2.8407142857142855e+23
3950001 7.6998e+07 8.6642e+29 8.3906e+16 3.8280e+26 1.6526e+07 -2.8407142857142855e+23
3960001 7.6897e+07 8.6358e+29 8.4278e+16 3.8280e+26 1.6547e+07 -2.8407142857142855e+23
3970001 7.6796e+07 8.6074e+29 8.4651e+16 3.8280e+26 1.6568e+07 -2.8407142857142855e+23
3980001 7.6695e+07 8.5790e+29 8.5025e+16 3.8280e+26 1.6590e+07 -2.8407142857142855e+23
3990001 7.6595e+07 8.5505e+29 8.5399e+16 3.8280e+26 1.6611e+07 -2.8407142857142855e+23
4000001 7.6494e+07 8.5221e+29 8.5775e+16 3.8280e+26 1.6632e+07 -2.8407142857142855e+23
4010001 7.6393e+07 8.4937e+29 8.6151e+16 3.8280e+26 1.6653e+07 -2.8407142857142855e+23
4020001 7.6292e+07 8.4653e+29 8.6527e+16 3.8280e+26 1.6675e+07 -2.8407142857142855e+23
4030001 7.6192e+07 8.4369e+29 8.6904e+16 3.8280e+26 1.6696e+07 -2.8407142857142855e+23
4040001 7.6091e+07 8.4085e+29 8.7283e+16 3.8280e+26 1.6717e+07 -2.8407142857142855e+23
4050001 7.5991e+07 8.3801e+29 8.7661e+16 3.8280e+26 1.6739e+07 -2.8407142857142855e+23
4060001 7.5890e+07 8.3517e+29 8.8041e+16 3.8279e+26 1.6760e+07 -2.8407142857142855e+23
4070001 7.5790e+07 8.3233e+29 8.8421e+16 3.8279e+26 1.6781e+07 -2.8407142857142855e+23
4080001 7.5689e+07 8.2949e+29 8.8802e+16 3.8279e+26 1.6802e+07 -2.8407142857142855e+23
4090001 7.5589e+07 8.2665e+29 8.9184e+16 3.8279e+26 1.6824e+07 -2.8407142857142855e+23
4100001 7.5489e+07 8.2381e+29 8.9566e+16 3.8279e+26 1.6845e+07 -2.8407142857142855e+23
4110001 7.5388e+07 8.2097e+29 8.9949e+16 3.8279e+26 1.6866e+07 -2.8407142857142855e+23
4120001 7.5288e+07 8.1813e+29 9.0333e+16 3.8279e+26 1.6887e+07 -2.8407142857142855e+23
4130001 7.5188e+07 8.1528e+29 9.0718e+16 3.8279e+26 1.6909e+07 -2.8407142857142855e+23
4140001 7.5087e+07 8.1244e+29 9.1103e+16 3.8279e+26 1.6930e+07 -2.8407142857142855e+23
4150001 7.4987e+07 8.0960e+29 9.1489e+16 3.8279e+26 1.6951e+07 -2.8407142857142855e+23
4160001 7.4887e+07 8.0676e+29 9.1875e+16 3.8279e+26 1.6973e+07 -2.8407142857142855e+23
4170001 7.4787e+07 8.0392e+29 9.2263e+16 3.8279e+26 1.6994e+07 -2.8407142857142855e+23
4180001 7.4687e+07 8.0108e+29 9.2651e+16 3.8279e+26 1.7015e+07 -2.8407142857142855e+23
4190001 7.4587e+07 7.9824e+29 9.3040e+16 3.8279e+26 1.7037e+07 -2.8407142857142855e+23
4200001 7.4487e+07 7.9540e+29 9.3429e+16 3.8279e+26 1.7058e+07 -2.8407142857142855e+23
4210001 7.4387e+07 7.9256e+29 9.3819e+16 3.8279e+26 1.7079e+07 -2.8407142857142855e+23
4220001 7.4287e+07 7.8972e+29 9.4210e+16 3.8279e+26 1.7101e+07 -2.8407142857142855e+23
4230001 7.4187e+07 7.8688e+29 9.4602e+16 3.8279e+26 1.7122e+07 -2.8407142857142855e+23
4240001 7.4087e+07 7.8404e+29 9.4994e+16 3.8279e+26 1.7143e+07 -2.8407142857142855e+23
4250001 7.3987e+07 7.8120e+29 9.5387e+16 3.8279e+26 1.7165e+07 -2.8407142857142855e+23
4260001 7.3887e+07 7.7836e+29 9.5781e+16 3.8279e+26 1.7186e+07 -2.8407142857142855e+23
4270001 7.3787e+07 7.7551e+29 9.6175e+16 3.8279e+26 1.7207e+07 -2.8407142857142855e+23
4280001 7.3687e+07 7.7267e+29 9.6570e+16 3.8279e+26 1.7229e+07 -2.8407142857142855e+23
4290001 7.3587e+07 7.6983e+29 9.6966e+16 3.8279e+26 1.7250e+07 -2.8407142857142855e+23
4300001 7.3487e+07 7.6699e+29 9.7362e+16 3.8279e+26 1.7272e+07 -2.8407142857142855e+23
4310001 7.3387e+07 7.6415e+29 9.7759e+16 3.8279e+26 1.7293e+07 -2.8407142857142855e+23
4320001 7.3288e+07 7.6131e+29 9.8157e+16 3.8279e+26 1.7314e+07 -2.8407142857142855e+23
4330001 7.3188e+07 7.5847e+29 9.8556e+16 3.8279e+26 1.7336e+07 -2.8407142857142855e+23
4340001 7.3088e+07 7.5563e+29 9.8955e+16 3.8279e+26 1.7357e+07 -2.8407142857142855e+23
4350001 7.2988e+07 7.5279e+29 9.9355e+16 3.8279e+26 1.7379e+07 -2.8407142857142855e+23
4360001 7.2888e+07 7.4995e+29 9.9755e+16 3.8279e+26 1.7400e+07 -2.8407142857142855e+23
4370001 7.2788e+07 7.4711e+29 1.0016e+17 3.8279e+26 1.7422e+07 -2.8407142857142855e+23
4380001 7.2689e+07 7.4427e+29 1.0056e+17 3.8279e+26 1.7443e+07 -2.8407142857142855e+23
4390001 7.2589e+07 7.4143e+29 1.0096e+17 3.8279e+26 1.7464e+07 -2.8407142857142855e+23
4400001 7.2489e+07 7.3859e+29 1.0136e+17 3.8279e+26 1.7486e+07 -2.8407142857142855e+23
4410001 7.2389e+07 7.3574e+29 1.0177e+17 3.8279e+26 1.7507e+07 -2.8407142857142855e+23
4420001 7.2289e+07 7.3290e+29 1.0217e+17 3.8279e+26 1.7529e+07 -2.8407142857142855e+23
4430001 7.2190e+07 7.3006e+29 1.0258e+17 3.8279e+26 1.7550e+07 -2.8407142857142855e+23
4440001 7.2090e+07 7.2722e+29 1.0298e+17 3.8279e+26 1.7572e+07 -2.8407142857142855e+23
4450001 7.1990e+07 7.2438e+29 1.0339e+17 3.8279e+26 1.7594e+07 -2.8407142857142855e+23
4460001 7.1890e+07 7.2154e+29 1.0380e+17 3.8279e+26 1.7615e+07 -2.8407142857142855e+23
4470001 7.1790e+07 7.1870e+29 1.0421e+17 3.8279e+26 1.7637e+07 -2.8407142857142855e+23
4480001 7.1690e+07 7.1586e+29 1.0461e+17 3.8279e+26 1.7658e+07 -2.8407142857142855e+23
4490001 7.1591e+07 7.1302e+29 1.0502e+17 3.8279e+26 1.7680e+07 -2.8407142857142855e+23
4500001 7.1491e+07 7.1018e+29 1.0543e+17 3.8279e+26 1.7701e+07 -2.8407142857142855e+23
4510001 7.1391e+07 7.0734e+29 1.0584e+17 3.8279e+26 1.7723e+07 -2.8407142857142855e+23
4520001 7.1291e+07 7.0450e+29 1.0625e+17 3.8278e+26 1.7745e+07 -2.8407142857142855e+23
4530001 7.1191e+07 7.0166e+29 1.0667e+17 3.8278e+26 1.7766e+07 -2.8407142857142855e+23
4540001 7.1091e+07 6.9882e+29 1.0708e+17 3.8278e+26 1.7788e+07 -2.8407142857142855e+23
4550001 7.0991e+07 6.9597e+29 1.0749e+17 3.8278e+26 1.7809e+07 -2.8407142857142855e+23
4560001 7.0891e+07 6.9313e+29 1.0791e+17 3.8278e+26 1.7831e+07 -2.8407142857142855e+23
4570001 7.0791e+07 6.9029e+29 1.0832e+17 3.8278e+26 1.7853e+07 -2.8407142857142855e+23
4580001 7.0691e+07 6.8745e+29 1.0874e+17 3.8278e+26 1.7874e+07 -2.8407142857142855e+23
4590001 7.0591e+07 6.8461e+29 1.0915e+17 3.8278e+26 1.7896e+07 -2.8407142857142855e+23
4600001 7.0491e+07 6.8177e+29 1.0957e+17 3.8278e+26 1.7918e+07 -2.8407142857142855e+23
4610001 7.0391e+07 6.7893e+29 1.0998e+17 3.8278e+26 1.7940e+07 -2.8407142857142855e+23
4620001 7.0291e+07 6.7609e+29 1.1040e+17 3.8278e+26 1.7961e+07 -2.8407142857142855e+23
4630001 7.0191e+07 6.7325e+29 1.1082e+17 3.8278e+26 1.7983e+07 -2.8407142857142855e+23
4640001 7.0091e+07 6.7041e+29 1.1124e+17 3.8278e+26 1.8005e+07 -2.8407142857142855e+23
4650001 6.9991e+07 6.6757e+29 1.1166e+17 3.8278e+26 1.8027e+07 -2.8407142857142855e+23
4660001 6.9890e+07 6.6473e+29 1.1208e+17 3.8278e+26 1.8049e+07 -2.8407142857142855e+23
4670001 6.9790e+07 6.6189e+29 1.1250e+17 3.8278e+26 1.8070e+07 -2.8407142857142855e+23
4680001 6.9690e+07 6.5905e+29 1.1292e+17 3.8278e+26 1.8092e+07 -2.8407142857142855e+23
4690001 6.9590e+07 6.5620e+29 1.1334e+17 3.8278e+26 1.8114e+07 -2.8407142857142855e+23
4700001 6.9489e+07 6.5336e+29 1.1376e+17 3.8278e+26 1.8136e+07 -2.8407142857142855e+23
4710001 6.9389e+07 6.5052e+29 1.1419e+17 3.8278e+26 1.8158e+07 -2.8407142857142855e+23
4720001 6.9288e+07 6.4768e+29 1.1461e+17 3.8278e+26 1.8180e+07 -2.8407142857142855e+23
4730001 6.9188e+07 6.4484e+29 1.1503e+17 3.8278e+26 1.8202e+07 -2.8407142857142855e+23
4740001 6.9087e+07 6.4200e+29 1.1546e+17 3.8277e+26 1.8224e+07 -2.8407142857142855e+23
4750001 6.8987e+07 6.3916e+29 1.1589e+17 3.8277e+26 1.8245e+07 -2.8407142857142855e+23
4760001 6.8886e+07 6.3632e+29 1.1631e+17 3.8277e+26 1.8267e+07 -2.8407142857142855e+23
4770001 6.8786e+07 6.3348e+29 1.1674e+17 3.8277e+26 1.8289e+07 -2.8407142857142855e+23
4780001 6.8685e+07 6.3064e+29 1.1716e+17 3.8277e+26 1.8311e+07 -2.8407142857142855e+23
4790001 6.8584e+07 6.2780e+29 1.1759e+17 3.8277e+26 1.8333e+07 -2.8407142857142855e+23
4800001 6.8483e+07 6.2496e+29 1.1802e+17 3.8277e+26 1.8356e+07 -2.8407142857142855e+23
4810001 6.8383e+07 6.2212e+29 1.1845e+17 3.8277e+26 1.8378e+07 -2.8407142857142855e+23
4820001 6.8282e+07 6.1928e+29 1.1888e+17 3.8277e+26 1.8400e+07 -2.8407142857142855e+23
4830001 6.8181e+07 6.1643e+29 1.1931e+17 3.8277e+26 1.8422e+07 -2.8407142857142855e+23
4840001 6.8080e+07 6.1359e+29 1.1974e+17 3.8277e+26 1.8444e+07 -2.8407142857142855e+23
4850001 6.7979e+07 6.1075e+29 1.2017e+17 3.8277e+26 1.8466e+07 -2.8407142857142855e+23
4860001 6.7878e+07 6.0791e+29 1.2060e+17 3.8277e+26 1.8488e+07 -2.8407142857142855e+23
4870001 6.7776e+07 6.0507e+29 1.2104e+17 3.8277e+26 1.8510e+07 -2.8407142857142855e+23
4880001 6.7675e+07 6.0223e+29 1.2147e+17 3.8277e+26 1.8533e+07 -2.8407142857142855e+23
4890001 6.7574e+07 5.9939e+29 1.2190e+17 3.8276e+26 1.8555e+07 -2.8407142857142855e+23
4900001 6.7472e+07 5.9655e+29 1.2234e+17 3.8276e+26 1.8577e+07 -2.8407142857142855e+23
4910001 6.7371e+07 5.9371e+29 1.2277e+17 3.8276e+26 1.8599e+07 -2.8407142857142855e+23
4920001 6.7270e+07 5.9087e+29 1.2321e+17 3.8276e+26 1.8622e+07 -2.8407142857142855e+23
4930001 6.7168e+07 5.8803e+29 1.2364e+17 3.8276e+26 1.8644e+07 -2.8407142857142855e+23
4940001 6.7066e+07 5.8519e+29 1.2408e+17 3.8276e+26 1.8666e+07 -2.8407142857142855e+23
4950001 6.6965e+07 5.8235e+29 1.2451e+17 3.8276e+26 1.8689e+07 -2.8407142857142855e+23
4960001 6.6863e+07 5.7951e+29 1.2495e+17 3.8276e+26 1.8711e+07 -2.8407142857142855e+23
4970001 6.6761e+07 5.7666e+29 1.2539e+17 3.8276e+26 1.8733e+07 -2.8407142857142855e+23
4980001 6.6659e+07 5.7382e+29 1.2583e+17 3.8276e+26 1.8756e+07 -2.8407142857142855e+23
4990001 6.6557e+07 5.7098e+29 1.2627e+17 3.8276e+26 1.8778e+07 -2.8407142857142855e+23
5000001 6.6455e+07 5.6814e+29 1.2671e+17 3.8275e+26 1.8801e+07 -2.8407142857142855e+23
5010001 6.6353e+07 5.6530e+29 1.2714e+17 3.8275e+26 1.8823e+07 -2.8407142857142855e+23
5020001 6.6250e+07 5.6246e+29 1.2759e+17 3.8275e+26 1.8846e+07 -2.8407142857142855e+23
5030001 6.6148e+07 5.5962e+29 1.2803e+17 3.8275e+26 1.8868e+07 -2.8407142857142855e+23
5040001 6.6046e+07 5.5678e+29 1.2847e+17 3.8275e+26 1.8891e+07 -2.8407142857142855e+23
5050001 6.5943e+07 5.5394e+29 1.2891e+17 3.8275e+26 1.8914e+07 -2.8407142857142855e+23
5060001 6.5840e+07 5.5110e+29 1.2935e+17 3.8275e+26 1.8936e+07 -2.8407142857142855e+23
5070001 6.5738e+07 5.4826e+29 1.2979e+17 3.8275e+26 1.8959e+07 -2.8407142857142855e+23
5080001 6.5635e+07 5.4542e+29 1.3024e+17 3.8275e+26 1.8982e+07 -2.8407142857142855e+23
5090001 6.5532e+07 5.4258e+29 1.3068e+17 3.8275e+26 1.9004e+07 -2.8407142857142855e+23
5100001 6.5429e+07 5.3974e+29 1.3112e+17 3.8274e+26 1.9027e+07 -2.8407142857142855e+23
5110001 6.5326e+07 5.3689e+29 1.3157e+17 3.8274e+26 1.9050e+07 -2.8407142857142855e+23
5120001 6.5223e+07 5.3405e+29 1.3201e+17 3.8274e+26 1.9073e+07 -2.8407142857142855e+23
5130001 6.5119e+07 5.3121e+29 1.3246e+17 3.8274e+26 1.9095e+07 -2.8407142857142855e+23
5140001 6.5016e+07 5.2837e+29 1.3291e+17 3.8274e+26 1.9118e+07 -2.8407142857142855e+23
5150001 6.4912e+07 5.2553e+29 1.3335e+17 3.8274e+26 1.9141e+07 -2.8407142857142855e+23
5160001 6.4809e+07 5.2269e+29 1.3380e+17 3.8274e+26 1.9164e+07 -2.8407142857142855e+23
5170001 6.4705e+07 5.1985e+29 1.3425e+17 3.8273e+26 1.9187e+07 -2.8407142857142855e+23
5180001 6.4601e+07 5.1701e+29 1.3469e+17 3.8273e+26 1.9210e+07 -2.8407142857142855e+23
5190001 6.4497e+07 5.1417e+29 1.3514e+17 3.8273e+26 1.9233e+07 -2.8407142857142855e+23
5200001 6.4393e+07 5.1133e+29 1.3559e+17 3.8273e+26 1.9256e+07 -2.8407142857142855e+23
5210001 6.4289e+07 5.0849e+29 1.3604e+17 3.8273e+26 1.9279e+07 -2.8407142857142855e+23
5220001 6.4185e+07 5.0565e+29 1.3649e+17 3.8273e+26 1.9302e+07 -2.8407142857142855e+23
5230001 6.4080e+07 5.0281e+29 1.3694e+17 3.8273e+26 1.9325e+07 -2.8407142857142855e+23
5240001 6.3976e+07 4.9997e+29 1.3739e+17 3.8272e+26 1.9348e+07 -2.8407142857142855e+23
5250001 6.3871e+07 4.9712e+29 1.3784e+17 3.8272e+26 1.9372e+07 -2.8407142857142855e+23
5260001 6.3766e+07 4.9428e+29 1.3829e+17 3.8272e+26 1.9395e+07 -2.8407142857142855e+23
5270001 6.3661e+07 4.9144e+29 1.3874e+17 3.8272e+26 1.9418e+07 -2.8407142857142855e+23
5280001 6.3556e+07 4.8860e+29 1.3919e+17 3.8272e+26 1.9441e+07 -2.8407142857142855e+23
5290001 6.3451e+07 4.8576e+29 1.3964e+17 3.8272e+26 1.9465e+07 -2.8407142857142855e+23
5300001 6.3346e+07 4.8292e+29 1.4010e+17 3.8271e+26 1.9488e+07 -2.8407142857142855e+23
5310001 6.3240e+07 4.8008e+29 1.4055e+17 3.8271e+26 1.9511e+07 -2.8407142857142855e+23
5320001 6.3135e+07 4.7724e+29 1.4100e+17 3.8271e+26 1.9535e+07 -2.8407142857142855e+23
5330001 6.3029e+07 4.7440e+29 1.4146e+17 3.8271e+26 1.9558e+07 -2.8407142857142855e+23
5340001 6.2923e+07 4.7156e+29 1.4191e+17 3.8271e+26 1.9582e+07 -2.8407142857142855e+23
5350001 6.2817e+07 4.6872e+29 1.4236e+17 3.8270e+26 1.9605e+07 -2.8407142857142855e+23
5360001 6.2711e+07 4.6588e+29 1.4282e+17 3.8270e+26 1.9629e+07 -2.8407142857142855e+23
5370001 6.2605e+07 4.6304e+29 1.4327e+17 3.8270e+26 1.9653e+07 -2.8407142857142855e+23
5380001 6.2498e+07 4.6020e+29 1.4373e+17 3.8270e+26 1.9676e+07 -2.8407142857142855e+23
5390001 6.2392e+07 4.5735e+29 1.4418e+17 3.8270e+26 1.9700e+07 -2.8407142857142855e+23
5400001 6.2285e+07 4.5451e+29 1.4464e+17 3.8269e+26 1.9724e+07 -2.8407142857142855e+23
5410001 6.2178e+07 4.5167e+29 1.4509e+17 3.8269e+26 1.9748e+07 -2.8407142857142855e+23
5420001 6.2071e+07 4.4883e+29 1.4555e+17 3.8269e+26 1.9771e+07 -2.8407142857142855e+23
5430001 6.1963e+07 4.4599e+29 1.4601e+17 3.8269e+26 1.9795e+07 -2.8407142857142855e+23
5440001 6.1856e+07 4.4315e+29 1.4646e+17 3.8269e+26 1.9819e+07 -2.8407142857142855e+23
5450001 6.1748e+07 4.4031e+29 1.4692e+17 3.8268e+26 1.9843e+07 -2.8407142857142855e+23
5460001 6.1641e+07 4.3747e+29 1.4738e+17 3.8268e+26 1.9867e+07 -2.8407142857142855e+23
5470001 6.1533e+07 4.3463e+29 1.4783e+17 3.8268e+26 1.9891e+07 -2.8407142857142855e+23
5480001 6.1425e+07 4.3179e+29 1.4829e+17 3.8268e+26 1.9915e+07 -2.8407142857142855e+23
5490001 6.1316e+07 4.2895e+29 1.4875e+17 3.8267e+26 1.9939e+07 -2.8407142857142855e+23
5500001 6.1208e+07 4.2611e+29 1.4921e+17 3.8267e+26 1.9963e+07 -2.8407142857142855e+23
5510001 6.1099e+07 4.2327e+29 1.4966e+17 3.8267e+26 1.9988e+07 -2.8407142857142855e+23
5520001 6.0990e+07 4.2043e+29 1.5012e+17 3.8266e+26 2.0012e+07 -2.8407142857142855e+23
5530001 6.0881e+07 4.1758e+29 1.5058e+17 3.8266e+26 2.0036e+07 -2.8407142857142855e+23
5540001 6.0772e+07 4.1474e+29 1.5104e+17 3.8266e+26 2.0060e+07 -2.8407142857142855e+23
5550001 6.0663e+07 4.1190e+29 1.5150e+17 3.8266e+26 2.0085e+07 -2.8407142857142855e+23
5560001 6.0553e+07 4.0906e+29 1.5196e+17 3.8265e+26 2.0109e+07 -2.8407142857142855e+23
5570001 6.0443e+07 4.0622e+29 1.5242e+17 3.8265e+26 2.0133e+07 -2.8407142857142855e+23
5580001 6.0333e+07 4.0338e+29 1.5288e+17 3.8265e+26 2.0158e+07 -2.8407142857142855e+23
5590001 6.0223e+07 4.0054e+29 1.5334e+17 3.8264e+26 2.0182e+07 -2.8407142857142855e+23
5600001 6.0112e+07 3.9770e+29 1.5380e+17 3.8264e+26 2.0206e+07 -2.8407142857142855e+23
5610001 6.0002e+07 3.9486e+29 1.5425e+17 3.8264e+26 2.0230e+07 -2.8407142857142855e+23
5620001 5.9891e+07 3.9202e+29 1.5471e+17 3.8263e+26 2.0254e+07 -2.8407142857142855e+23
5630001 5.9780e+07 3.8918e+29 1.5517e+17 3.8263e+26 2.0278e+07 -2.8407142857142855e+23
5640001 5.9669e+07 3.8634e+29 1.5563e+17 3.8263e+26 2.0302e+07 -2.8407142857142855e+23
5650001 5.9557e+07 3.8350e+29 1.5609e+17 3.8262e+26 2.0326e+07 -2.8407142857142855e+23
5660001 5.9445e+07 3.8066e+29 1.5655e+17 3.8262e+26 2.0350e+07 -2.8407142857142855e+23
5670001 5.9333e+07 3.7781e+29 1.5701e+17 3.8262e+26 2.0374e+07 -2.8407142857142855e+23
5680001 5.9221e+07 3.7497e+29 1.5747e+17 3.8261e+26 2.0398e+07 -2.8407142857142855e+23
5690001 5.9109e+07 3.7213e+29 1.5793e+17 3.8261e+26 2.0422e+07 -2.8407142857142855e+23
5700001 5.8996e+07 3.6929e+29 1.5839e+17 3.8260e+26 2.0446e+07 -2.8407142857142855e+23
5710001 5.8883e+07 3.6645e+29 1.5885e+17 3.8260e+26 2.0469e+07 -2.8407142857142855e+23
5720001 5.8770e+07 3.6361e+29 1.5931e+17 3.8260e+26 2.0493e+07 -2.8407142857142855e+23
5730001 5.8657e+07 3.6077e+29 1.5977e+17 3.8259e+26 2.0517e+07 -2.8407142857142855e+23
5740001 5.8543e+07 3.5793e+29 1.6023e+17 3.8259e+26 2.0540e+07 -2.8407142857142855e+23
5750001 5.8429e+07 3.5509e+29 1.6069e+17 3.8258e+26 2.0564e+07 -2.8407142857142855e+23
5760001 5.8315e+07 3.5225e+29 1.6115e+17 3.8258e+26 2.0587e+07 -2.8407142857142855e+23
5770001 5.8201e+07 3.4941e+29 1.6161e+17 3.8257e+26 2.0611e+07 -2.8407142857142855e+23
5780001 5.8086e+07 3.4657e+29 1.6207e+17 3.8257e+26 2.0634e+07 -2.8407142857142855e+23
5790001 5.7972e+07 3.4373e+29 1.6253e+17 3.8256e+26 2.0657e+07 -2.8407142857142855e+23
5800001 5.7857e+07 3.4089e+29 1.6299e+17 3.8256e+26 2.0681e+07 -2.8407142857142855e+23
5810001 5.7741e+07 3.3804e+29 1.6345e+17 3.8256e+26 2.0704e+07 -2.8407142857142855e+23
5820001 5.7626e+07 3.3520e+29 1.6391e+17 3.8255e+26 2.0727e+07 -2.8407142857142855e+23
5830001 5.7510e+07 3.3236e+29 1.6437e+17 3.8255e+26 2.0750e+07 -2.8407142857142855e+23
5840001 5.7393e+07 3.2952e+29 1.6482e+17 3.8254e+26 2.0774e+07 -2.8407142857142855e+23
5850001 5.7277e+07 3.2668e+29 1.6528e+17 3.8254e+26 2.0797e+07 -2.8407142857142855e+23
5860001 5.7160e+07 3.2384e+29 1.6574e+17 3.8253e+26 2.0820e+07 -2.8407142857142855e+23
5870001 5.7043e+07 3.2100e+29 1.6620e+17 3.8252e+26 2.0843e+07 -2.8407142857142855e+23
5880001 5.6926e+07 3.1816e+29 1.6665e+17 3.8252e+26 2.0866e+07 -2.8407142857142855e+23
5890001 5.6808e+07 3.1532e+29 1.6711e+17 3.8251e+26 2.0888e+07 -2.8407142857142855e+23
5900001 5.6690e+07 3.1248e+29 1.6757e+17 3.8251e+26 2.0911e+07 -2.8407142857142855e+23
5910001 5.6572e+07 3.0964e+29 1.6802e+17 3.8250e+26 2.0934e+07 -2.8407142857142855e+23
5920001 5.6454e+07 3.0680e+29 1.6848e+17 3.8250e+26 2.0957e+07 -2.8407142857142855e+23
5930001 5.6335e+07 3.0396e+29 1.6894e+17 3.8249e+26 2.0979e+07 -2.8407142857142855e+23
5940001 5.6216e+07 3.0112e+29 1.6939e+17 3.8248e+26 2.1002e+07 -2.8407142857142855e+23
5950001 5.6096e+07 2.9827e+29 1.6985e+17 3.8248e+26 2.1024e+07 -2.8407142857142855e+23
5960001 5.5977e+07 2.9543e+29 1.7030e+17 3.8247e+26 2.1047e+07 -2.8407142857142855e+23
5970001 5.5856e+07 2.9259e+29 1.7075e+17 3.8247e+26 2.1069e+07 -2.8407142857142855e+23
5980001 5.5736e+07 2.8975e+29 1.7121e+17 3.8246e+26 2.1092e+07 -2.8407142857142855e+23
5990001 5.5615e+07 2.8691e+29 1.7166e+17 3.8245e+26 2.1114e+07 -2.8407142857142855e+23
6000001 5.5494e+07 2.8407e+29 1.7211e+17 3.8245e+26 2.1136e+07 -2.8407142857142855e+23
6010001 5.5373e+07 2.8123e+29 1.7256e+17 3.8244e+26 2.1158e+07 -2.8407142857142855e+23
6020001 5.5251e+07 2.7839e+29 1.7301e+17 3.8243e+26 2.1180e+07 -2.8407142857142855e+23
6030001 5.5129e+07 2.7555e+29 1.7346e+17 3.8242e+26 2.1203e+07 -2.8407142857142855e+23
6040001 5.5007e+07 2.7271e+29 1.7391e+17 3.8242e+26 2.1224e+07 -2.8407142857142855e+23
6050001 5.4884e+07 2.6987e+29 1.7436e+17 3.8241e+26 2.1246e+07 -2.8407142857142855e+23
6060001 5.4761e+07 2.6703e+29 1.7481e+17 3.8240e+26 2.1268e+07 -2.8407142857142855e+23
6070001 5.4637e+07 2.6419e+29 1.7526e+17 3.8239e+26 2.1290e+07 -2.8407142857142855e+23
6080001 5.4513e+07 2.6135e+29 1.7571e+17 3.8239e+26 2.1312e+07 -2.8407142857142855e+23
6090001 5.4389e+07 2.5850e+29 1.7615e+17 3.8238e+26 2.1333e+07 -2.8407142857142855e+23
6100001 5.4264e+07 2.5566e+29 1.7660e+17 3.8237e+26 2.1355e+07 -2.8407142857142855e+23
6110001 5.4139e+07 2.5282e+29 1.7704e+17 3.8236e+26 2.1376e+07 -2.8407142857142855e+23
6120001 5.4014e+07 2.4998e+29 1.7749e+17 3.8236e+26 2.1398e+07 -2.8407142857142855e+23
6130001 5.3888e+07 2.4714e+29 1.7793e+17 3.8235e+26 2.1419e+07 -2.8407142857142855e+23
6140001 5.3762e+07 2.4430e+29 1.7837e+17 3.8234e+26 2.1440e+07 -2.8407142857142855e+23
6150001 5.3635e+07 2.4146e+29 1.7881e+17 3.8233e+26 2.1462e+07 -2.8407142857142855e+23
6160001 5.3508e+07 2.3862e+29 1.7925e+17 3.8232e+26 2.1483e+07 -2.8407142857142855e+23
6170001 5.3381e+07 2.3578e+29 1.7969e+17 3.8231e+26 2.1504e+07 -2.8407142857142855e+23
6180001 5.3253e+07 2.3294e+29 1.8013e+17 3.8230e+26 2.1525e+07 -2.8407142857142855e+23
6190001 5.3124e+07 2.3010e+29 1.8056e+17 3.8229e+26 2.1545e+07 -2.8407142857142855e+23
6200001 5.2996e+07 2.2726e+29 1.8100e+17 3.8228e+26 2.1566e+07 -2.8407142857142855e+23
6210001 5.2866e+07 2.2442e+29 1.8143e+17 3.8228e+26 2.1587e+07 -2.8407142857142855e+23
6220001 5.2737e+07 2.2158e+29 1.8186e+17 3.8227e+26 2.1607e+07 -2.8407142857142855e+23
6230001 5.2607e+07 2.1873e+29 1.8230e+17 3.8226e+26 2.1628e+07 -2.8407142857142855e+23
6240001 5.2476e+07 2.1589e+29 1.8273e+17 3.8225e+26 2.1648e+07 -2.8407142857142855e+23
6250001 5.2345e+07 2.1305e+29 1.8316e+17 3.8224e+26 2.1669e+07 -2.8407142857142855e+23
6260001 5.2214e+07 2.1021e+29 1.8358e+17 3.8223e+26 2.1689e+07 -2.8407142857142855e+23
6270001 5.2082e+07 2.0737e+29 1.8401e+17 3.8222e+26 2.1709e+07 -2.8407142857142855e+23
6280001 5.1949e+07 2.0453e+29 1.8443e+17 3.8221e+26 2.1729e+07 -2.8407142857142855e+23
6290001 5.1816e+07 2.0169e+29 1.8486e+17 3.8219e+26 2.1749e+07 -2.8407142857142855e+23
6300001 5.1683e+07 1.9885e+29 1.8528e+17 3.8218e+26 2.1769e+07 -2.8407142857142855e+23
6310001 5.1549e+07 1.9601e+29 1.8570e+17 3.8217e+26 2.1788e+07 -2.8407142857142855e+23
6320001 5.1414e+07 1.9317e+29 1.8612e+17 3.8216e+26 2.1808e+07 -2.8407142857142855e+23
6330001 5.1279e+07 1.9033e+29 1.8653e+17 3.8215e+26 2.1827e+07 -2.8407142857142855e+23
6340001 5.1144e+07 1.8749e+29 1.8695e+17 3.8214e+26 2.1847e+07 -2.8407142857142855e+23
6350001 5.1008e+07 1.8465e+29 1.8736e+17 3.8213e+26 2.1866e+07 -2.8407142857142855e+23
6360001 5.0871e+07 1.8181e+29 1.8777e+17 3.8212e+26 2.1885e+07 -2.8407142857142855e+23
6370001 5.0734e+07 1.7896e+29 1.8818e+17 3.8210e+26 2.1904e+07 -2.8407142857142855e+23
6380001 5.0596e+07 1.7612e+29 1.8858e+17 3.8209e+26 2.1923e+07 -2.8407142857142855e+23
6390001 5.0458e+07 1.7328e+29 1.8899e+17 3.8208e+26 2.1942e+07 -2.8407142857142855e+23
6400001 5.0319e+07 1.7044e+29 1.8939e+17 3.8207e+26 2.1961e+07 -2.8407142857142855e+23
6410001 5.0179e+07 1.6760e+29 1.8979e+17 3.8205e+26 2.1979e+07 -2.8407142857142855e+23
6420001 5.0039e+07 1.6476e+29 1.9019e+17 3.8204e+26 2.1998e+07 -2.8407142857142855e+23
6430001 4.9898e+07 1.6192e+29 1.9058e+17 3.8203e+26 2.2016e+07 -2.8407142857142855e+23
6440001 4.9757e+07 1.5908e+29 1.9098e+17 3.8202e+26 2.2034e+07 -2.8407142857142855e+23
6450001 4.9615e+07 1.5624e+29 1.9137e+17 3.8200e+26 2.2052e+07 -2.8407142857142855e+23
6460001 4.9472e+07 1.5340e+29 1.9175e+17 3.8199e+26 2.2070e+07 -2.8407142857142855e+23
6470001 4.9329e+07 1.5056e+29 1.9214e+17 3.8198e+26 2.2088e+07 -2.8407142857142855e+23
6480001 4.9185e+07 1.4772e+29 1.9252e+17 3.8196e+26 2.2105e+07 -2.8407142857142855e+23
6490001 4.9040e+07 1.4488e+29 1.9290e+17 3.8195e+26 2.2123e+07 -2.8407142857142855e+23
6500001 4.8895e+07 1.4204e+29 1.9328e+17 3.8193e+26 2.2140e+07 -2.8407142857142855e+23
6510001 4.8749e+07 1.3919e+29 1.9365e+17 3.8192e+26 2.2157e+07 -2.8407142857142855e+23
6520001 4.8602e+07 1.3635e+29 1.9402e+17 3.8191e+26 2.2174e+07 -2.8407142857142855e+23
6530001 4.8455e+07 1.3351e+29 1.9439e+17 3.8189e+26 2.2191e+07 -2.8407142857142855e+23
6540001 4.8307e+07 1.3067e+29 1.9475e+17 3.8188e+26 2.2207e+07 -2.8407142857142855e+23
6550001 4.8158e+07 1.2783e+29 1.9511e+17 3.8186e+26 2.2224e+07 -2.8407142857142855e+23
6560001 4.8008e+07 1.2499e+29 1.9547e+17 3.8185e+26 2.2240e+07 -2.8407142857142855e+23
6570001 4.7858e+07 1.2215e+29 1.9582e+17 3.8183e+26 2.2256e+07 -2.8407142857142855e+23
6580001 4.7706e+07 1.1931e+29 1.9617e+17 3.8182e+26 2.2272e+07 -2.8407142857142855e+23
6590001 4.7554e+07 1.1647e+29 1.9652e+17 3.8180e+26 2.2288e+07 -2.8407142857142855e+23
6600001 4.7401e+07 1.1363e+29 1.9686e+17 3.8178e+26 2.2303e+07 -2.8407142857142855e+23
6610001 4.7248e+07 1.1079e+29 1.9720e+17 3.8177e+26 2.2318e+07 -2.8407142857142855e+23
6620001 4.7093e+07 1.0795e+29 1.9753e+17 3.8175e+26 2.2333e+07 -2.8407142857142855e+23
6630001 4.6938e+07 1.0511e+29 1.9786e+17 3.8174e+26 2.2348e+07 -2.8407142857142855e+23
6640001 4.6781e+07 1.0227e+29 1.9818e+17 3.8172e+26 2.2363e+07 -2.8407142857142855e+23
6650001 4.6624e+07 9.9425e+28 1.9850e+17 3.8170e+26 2.2377e+07 -2.8407142857142855e+23