1.000000 -1.000000 -5913.189542
1.000000 -0.932203 -5912.787778
1.000000 -0.864407 -5912.372368
1.000000 -0.796610 -5911.942665
1.000000 -0.728814 -5911.497984
1.000000 -0.661017 -5911.037598
1.000000 -0.593220 -5910.560740
1.000000 -0.525424 -5910.066595
1.000000 -0.457627 -5909.554298
1.000000 -0.389831 -5909.022932
1.000000 -0.322034 -5908.471523
1.000000 -0.254237 -5907.899038
1.000000 -0.186441 -5907.304376
1.000000 -0.118644 -5906.686367
1.000000 -0.050847 -5906.043767
1.000000 0.016949 -5905.375251
1.000000 0.084746 -5904.679405
1.000000 0.152542 -5903.954724
1.000000 0.220339 -5903.199602
1.000000 0.288136 -5902.412325
1.000000 0.355932 -5901.591060
1.000000 0.423729 -5900.733850
1.000000 0.491525 -5899.838602
1.000000 0.559322 -5898.903077
1.000000 0.627119 -5897.924875
1.000000 0.694915 -5896.901427
1.000000 0.762712 -5895.829979
1.000000 0.830508 -5894.707574
1.000000 0.898305 -5893.531043
1.000000 0.966102 -5892.296977
1.000000 1.033898 -5891.001717
1.000000 1.101695 -5889.641328
1.000000 1.169492 -5888.211575
1.000000 1.237288 -5886.707903
1.000000 1.305085 -5885.125403
1.000000 1.372881 -5883.458789
1.000000 1.440678 -5881.702364
1.000000 1.508475 -5879.849985
1.000000 1.576271 -5877.895025
1.000000 1.644068 -5875.830335
1.000000 1.711864 -5873.648200
1.000000 1.779661 -5871.340294
1.000000 1.847458 -5868.897628
1.000000 1.915254 -5866.310501
1.000000 1.983051 -5863.568440
1.000000 2.050847 -5860.660147
1.000000 2.118644 -5857.573433
1.000000 2.186441 -5854.295154
1.000000 2.254237 -5850.811148
1.000000 2.322034 -5847.106169
1.000000 2.389831 -5843.163815
1.000000 2.457627 -5838.966469
1.000000 2.525424 -5834.495230
1.000000 2.593220 -5829.729863
1.000000 2.661017 -5824.648743
1.000000 2.728814 -5819.228822
1.000000 2.796610 -5813.445603
1.000000 2.864407 -5807.273137
1.000000 2.932203 -5800.684045
1.000000 3.000000 -5793.649575
2.256410 -1.000000 -5791.439356
2.256410 -0.932203 -5789.736788
2.256410 -0.864407 -5787.992852
2.256410 -0.796610 -5786.205722
2.256410 -0.728814 -5784.373472
2.256410 -0.661017 -5782.494071
2.256410 -0.593220 -5780.565376
2.256410 -0.525424 -5778.585125
2.256410 -0.457627 -5776.550928
2.256410 -0.389831 -5774.460260
2.256410 -0.322034 -5772.310450
2.256410 -0.254237 -5770.098674
2.256410 -0.186441 -5767.821941
2.256410 -0.118644 -5765.477086
2.256410 -0.050847 -5763.060753
2.256410 0.016949 -5760.569388
2.256410 0.084746 -5757.999221
2.256410 0.152542 -5755.346252
2.256410 0.220339 -5752.606237
2.256410 0.288136 -5749.774672
2.256410 0.355932 -5746.846772
2.256410 0.423729 -5743.817456
2.256410 0.491525 -5740.681328
2.256410 0.559322 -5737.432652
2.256410 0.627119 -5734.065336
2.256410 0.694915 -5730.572907
2.256410 0.762712 -5726.948486
2.256410 0.830508 -5723.184772
2.256410 0.898305 -5719.274007
2.256410 0.966102 -5715.207964
2.256410 1.033898 -5710.977912
2.256410 1.101695 -5706.574602
2.256410 1.169492 -5701.988238
2.256410 1.237288 -5697.208463
2.256410 1.305085 -5692.224334
2.256410 1.372881 -5687.024317
2.256410 1.440678 -5681.596267
2.256410 1.508475 -5675.927434
2.256410 1.576271 -5670.004457
2.256410 1.644068 -5663.813383
2.256410 1.711864 -5657.339686
2.256410 1.779661 -5650.568299
2.256410 1.847458 -5643.483666
2.256410 1.915254 -5636.069806
2.256410 1.983051 -5628.310394
2.256410 2.050847 -5620.188868
2.256410 2.118644 -5611.688554
2.256410 2.186441 -5602.792817
2.256410 2.254237 -5593.485239
2.256410 2.322034 -5583.749825
2.256410 2.389831 -5573.571242
2.256410 2.457627 -5562.935079
2.256410 2.525424 -5551.828144
2.256410 2.593220 -5540.238794
2.256410 2.661017 -5528.157283
2.256410 2.728814 -5515.576146
2.256410 2.796610 -5502.490606
2.256410 2.864407 -5488.898992
2.256410 2.932203 -5474.803183
2.256410 3.000000 -5460.209052
3.512821 -1.000000 -5659.881733
3.512821 -0.932203 -5656.578464
3.512821 -0.864407 -5653.239666
3.512821 -0.796610 -5649.863093
3.512821 -0.728814 -5646.446378
3.512821 -0.661017 -5642.987024
3.512821 -0.593220 -5639.482394
3.512821 -0.525424 -5635.929701
3.512821 -0.457627 -5632.325992
3.512821 -0.389831 -5628.668142
3.512821 -0.322034 -5624.952836
3.512821 -0.254237 -5621.176557
3.512821 -0.186441 -5617.335571
3.512821 -0.118644 -5613.425912
3.512821 -0.050847 -5609.443364
3.512821 0.016949 -5605.383446
3.512821 0.084746 -5601.241393
3.512821 0.152542 -5597.012139
3.512821 0.220339 -5592.690301
3.512821 0.288136 -5588.270158
3.512821 0.355932 -5583.745632
3.512821 0.423729 -5579.110277
3.512821 0.491525 -5574.357258
3.512821 0.559322 -5569.479337
3.512821 0.627119 -5564.468861
3.512821 0.694915 -5559.317753
3.512821 0.762712 -5554.017507
3.512821 0.830508 -5548.559183
3.512821 0.898305 -5542.933410
3.512821 0.966102 -5537.130402
3.512821 1.033898 -5531.139966
3.512821 1.101695 -5524.951534
3.512821 1.169492 -5518.554197
3.512821 1.237288 -5511.936749
3.512821 1.305085 -5505.087746
3.512821 1.372881 -5497.995577
3.512821 1.440678 -5490.648549
3.512821 1.508475 -5483.034985
3.512821 1.576271 -5475.143341
3.512821 1.644068 -5466.962328
3.512821 1.711864 -5458.481065
3.512821 1.779661 -5449.689230
3.512821 1.847458 -5440.577235
3.512821 1.915254 -5431.136411
3.512821 1.983051 -5421.359201
3.512821 2.050847 -5411.239373
3.512821 2.118644 -5400.772233
3.512821 2.186441 -5389.954851
3.512821 2.254237 -5378.786295
3.512821 2.322034 -5367.267871
3.512821 2.389831 -5355.403365
3.512821 2.457627 -5343.199293
3.512821 2.525424 -5330.665146
3.512821 2.593220 -5317.813631
3.512821 2.661017 -5304.660914
3.512821 2.728814 -5291.226841
3.512821 2.796610 -5277.535162
3.512821 2.864407 -5263.613745
3.512821 2.932203 -5249.494789
3.512821 3.000000 -5235.215058
4.769231 -1.000000 -5552.916081
4.769231 -0.932203 -5548.075179
4.769231 -0.864407 -5543.245247
4.769231 -0.796610 -5538.422795
4.769231 -0.728814 -5533.604213
4.769231 -0.661017 -5528.785761
4.769231 -0.593220 -5523.963546
4.769231 -0.525424 -5519.133513
4.769231 -0.457627 -5514.291420
4.769231 -0.389831 -5509.432829
4.769231 -0.322034 -5504.553080
4.769231 -0.254237 -5499.647277
4.769231 -0.186441 -5494.710268
4.769231 -0.118644 -5489.736629
4.769231 -0.050847 -5484.720645
4.769231 0.016949 -5479.656294
4.769231 0.084746 -5474.537230
4.769231 0.152542 -5469.356775
4.769231 0.220339 -5464.107904
4.769231 0.288136 -5458.783239
4.769231 0.355932 -5453.375046
4.769231 0.423729 -5447.875236
4.769231 0.491525 -5442.275372
4.769231 0.559322 -5436.566680
4.769231 0.627119 -5430.740071
4.769231 0.694915 -5424.786170
4.769231 0.762712 -5418.695351
4.769231 0.830508 -5412.457784
4.769231 0.898305 -5406.063493
4.769231 0.966102 -5399.502425
4.769231 1.033898 -5392.764526
4.769231 1.101695 -5385.839830
4.769231 1.169492 -5378.718563
4.769231 1.237288 -5371.391247
4.769231 1.305085 -5363.848824
4.769231 1.372881 -5356.082777
4.769231 1.440678 -5348.085267
4.769231 1.508475 -5339.849269
4.769231 1.576271 -5331.368712
4.769231 1.644068 -5322.638625
4.769231 1.711864 -5313.655279
4.769231 1.779661 -5304.416338
4.769231 1.847458 -5294.921006
4.769231 1.915254 -5285.170177
4.769231 1.983051 -5275.166588
4.769231 2.050847 -5264.914978
4.769231 2.118644 -5254.422245
4.769231 2.186441 -5243.697611
4.769231 2.254237 -5232.752783
4.769231 2.322034 -5221.602112
4.769231 2.389831 -5210.262754
4.769231 2.457627 -5198.754813
4.769231 2.525424 -5187.101479
4.769231 2.593220 -5175.329174
4.769231 2.661017 -5163.467683
4.769231 2.728814 -5151.550319
4.769231 2.796610 -5139.614124
4.769231 2.864407 -5127.700124
4.769231 2.932203 -5115.853667
4.769231 3.000000 -5104.124839
6.025641 -1.000000 -5471.123666
6.025641 -0.932203 -5465.028992
6.025641 -0.864407 -5459.009364
6.025641 -0.796610 -5453.058148
6.025641 -0.728814 -5447.168706
6.025641 -0.661017 -5441.334372
6.025641 -0.593220 -5435.548420
6.025641 -0.525424 -5429.804043
6.025641 -0.457627 -5424.094321
6.025641 -0.389831 -5418.412200
6.025641 -0.322034 -5412.750468
6.025641 -0.254237 -5407.101734
6.025641 -0.186441 -5401.458406
6.025641 -0.118644 -5395.812681
6.025641 -0.050847 -5390.156526
6.025641 0.016949 -5384.481675
6.025641 0.084746 -5378.779624
6.025641 0.152542 -5373.041632
6.025641 0.220339 -5367.258732
6.025641 0.288136 -5361.421747
6.025641 0.355932 -5355.521312
6.025641 0.423729 -5349.547906
6.025641 0.491525 -5343.491897
6.025641 0.559322 -5337.343588
6.025641 0.627119 -5331.093278
6.025641 0.694915 -5324.731332
6.025641 0.762712 -5318.248256
6.025641 0.830508 -5311.634785
6.025641 0.898305 -5304.881976
6.025641 0.966102 -5297.981306
6.025641 1.033898 -5290.924775
6.025641 1.101695 -5283.705013
6.025641 1.169492 -5276.315386
6.025641 1.237288 -5268.750106
6.025641 1.305085 -5261.004334
6.025641 1.372881 -5253.074283
6.025641 1.440678 -5244.957320
6.025641 1.508475 -5236.652064
6.025641 1.576271 -5228.158482
6.025641 1.644068 -5219.477989
6.025641 1.711864 -5210.613546
6.025641 1.779661 -5201.569763
6.025641 1.847458 -5192.353010
6.025641 1.915254 -5182.971532
6.025641 1.983051 -5173.435567
6.025641 2.050847 -5163.757472
6.025641 2.118644 -5153.951841
6.025641 2.186441 -5144.035624
6.025641 2.254237 -5134.028235
6.025641 2.322034 -5123.951657
6.025641 2.389831 -5113.830539
6.025641 2.457627 -5103.692297
6.025641 2.525424 -5093.567241
6.025641 2.593220 -5083.488744
6.025641 2.661017 -5073.493466
6.025641 2.728814 -5063.621665
6.025641 2.796610 -5053.917595
6.025641 2.864407 -5044.429978
6.025641 2.932203 -5035.212536
6.025641 3.000000 -5026.324514
7.282051 -1.000000 -5407.552085
7.282051 -0.932203 -5400.569746
7.282051 -0.864407 -5393.720005
7.282051 -0.796610 -5386.992016
7.282051 -0.728814 -5380.375201
7.282051 -0.661017 -5373.859197
7.282051 -0.593220 -5367.433803
7.282051 -0.525424 -5361.088939
7.282051 -0.457627 -5354.814601
7.282051 -0.389831 -5348.600828
7.282051 -0.322034 -5342.437668
7.282051 -0.254237 -5336.315156
7.282051 -0.186441 -5330.223298
7.282051 -0.118644 -5324.152053
7.282051 -0.050847 -5318.091334
7.282051 0.016949 -5312.031013
7.282051 0.084746 -5305.960934
7.282051 0.152542 -5299.870931
7.282051 0.220339 -5293.750866
7.282051 0.288136 -5287.590663
7.282051 0.355932 -5281.380365
7.282051 0.423729 -5275.110185
7.282051 0.491525 -5268.770578
7.282051 0.559322 -5262.352310
7.282051 0.627119 -5255.846543
7.282051 0.694915 -5249.244913
7.282051 0.762712 -5242.539616
7.282051 0.830508 -5235.723500
7.282051 0.898305 -5228.790147
7.282051 0.966102 -5221.733959
7.282051 1.033898 -5214.550233
7.282051 1.101695 -5207.235245
7.282051 1.169492 -5199.786310
7.282051 1.237288 -5192.201857
7.282051 1.305085 -5184.481483
7.282051 1.372881 -5176.626019
7.282051 1.440678 -5168.637586
7.282051 1.508475 -5160.519661
7.282051 1.576271 -5152.277145
7.282051 1.644068 -5143.916439
7.282051 1.711864 -5135.445525
7.282051 1.779661 -5126.874065
7.282051 1.847458 -5118.213491
7.282051 1.915254 -5109.477106
7.282051 1.983051 -5100.680186
7.282051 2.050847 -5091.840061
7.282051 2.118644 -5082.976204
7.282051 2.186441 -5074.110302
7.282051 2.254237 -5065.266328
7.282051 2.322034 -5056.470629
7.282051 2.389831 -5047.752042
7.282051 2.457627 -5039.142062
7.282051 2.525424 -5030.675089
7.282051 2.593220 -5022.388754
7.282051 2.661017 -5014.324345
7.282051 2.728814 -5006.527295
7.282051 2.796610 -4999.047713
7.282051 2.864407 -4991.940892
7.282051 2.932203 -4985.267739
7.282051 3.000000 -4979.095075
8.538462 -1.000000 -5356.691573
8.538462 -0.932203 -5349.143716
8.538462 -0.864407 -5341.768071
8.538462 -0.796610 -5334.549899
8.538462 -0.728814 -5327.475070
8.538462 -0.661017 -5320.529982
8.538462 -0.593220 -5313.701473
8.538462 -0.525424 -5306.976757
8.538462 -0.457627 -5300.343361
8.538462 -0.389831 -5293.789078
8.538462 -0.322034 -5287.301934
8.538462 -0.254237 -5280.870154
8.538462 -0.186441 -5274.482155
8.538462 -0.118644 -5268.126538
8.538462 -0.050847 -5261.792100
8.538462 0.016949 -5255.467846
8.538462 0.084746 -5249.143026
8.538462 0.152542 -5242.807171
8.538462 0.220339 -5236.450138
8.538462 0.288136 -5230.062173
8.538462 0.355932 -5223.633967
8.538462 0.423729 -5217.156728
8.538462 0.491525 -5210.622249
8.538462 0.559322 -5204.022980
8.538462 0.627119 -5197.352097
8.538462 0.694915 -5190.603575
8.538462 0.762712 -5183.772244
8.538462 0.830508 -5176.853856
8.538462 0.898305 -5169.845134
8.538462 0.966102 -5162.743816
8.538462 1.033898 -5155.548699
8.538462 1.101695 -5148.259674
8.538462 1.169492 -5140.877758
8.538462 1.237288 -5133.405125
8.538462 1.305085 -5125.845142
8.538462 1.372881 -5118.202407
8.538462 1.440678 -5110.482797
8.538462 1.508475 -5102.693520
8.538462 1.576271 -5094.843186
8.538462 1.644068 -5086.941875
8.538462 1.711864 -5079.001222
8.538462 1.779661 -5071.034498
8.538462 1.847458 -5063.056686
8.538462 1.915254 -5055.084555
8.538462 1.983051 -5047.136720
8.538462 2.050847 -5039.233699
8.538462 2.118644 -5031.397962
8.538462 2.186441 -5023.654001
8.538462 2.254237 -5016.028432
8.538462 2.322034 -5008.550148
8.538462 2.389831 -5001.250557
8.538462 2.457627 -4994.163903
8.538462 2.525424 -4987.327686
8.538462 2.593220 -4980.783151
8.538462 2.661017 -4974.575817
8.538462 2.728814 -4968.755981
8.538462 2.796610 -4963.379150
8.538462 2.864407 -4958.506335
8.538462 2.932203 -4954.204180
8.538462 3.000000 -4950.544910
9.794872 -1.000000 -5315.056396
9.794872 -0.932203 -5307.169625
9.794872 -0.864407 -5299.476473
9.794872 -0.796610 -5291.959439
9.794872 -0.728814 -5284.601952
9.794872 -0.661017 -5277.388243
9.794872 -0.593220 -5270.303233
9.794872 -0.525424 -5263.332450
9.794872 -0.457627 -5256.461953
9.794872 -0.389831 -5249.678281
9.794872 -0.322034 -5242.968416
9.794872 -0.254237 -5236.319760
9.794872 -0.186441 -5229.720132
9.794872 -0.118644 -5223.157772
9.794872 -0.050847 -5216.621367
9.794872 0.016949 -5210.100074
9.794872 0.084746 -5203.583568
9.794872 0.152542 -5197.062086
9.794872 0.220339 -5190.526483
9.794872 0.288136 -5183.968287
9.794872 0.355932 -5177.379757
9.794872 0.423729 -5170.753941
9.794872 0.491525 -5164.084730
9.794872 0.559322 -5157.366908
9.794872 0.627119 -5150.596195
9.794872 0.694915 -5143.769287
9.794872 0.762712 -5136.883885
9.794872 0.830508 -5129.938719
9.794872 0.898305 -5122.933564
9.794872 0.966102 -5115.869260
9.794872 1.033898 -5108.747715
9.794872 1.101695 -5101.571922
9.794872 1.169492 -5094.345967
9.794872 1.237288 -5087.075054
9.794872 1.305085 -5079.765526
9.794872 1.372881 -5072.424908
9.794872 1.440678 -5065.061950
9.794872 1.508475 -5057.686688
9.794872 1.576271 -5050.310507
9.794872 1.644068 -5042.946212
9.794872 1.711864 -5035.608087
9.794872 1.779661 -5028.311959
9.794872 1.847458 -5021.075245
9.794872 1.915254 -5013.916991
9.794872 1.983051 -5006.857908
9.794872 2.050847 -4999.920417
9.794872 2.118644 -4993.128728
9.794872 2.186441 -4986.508969
9.794872 2.254237 -4980.089384
9.794872 2.322034 -4973.900632
9.794872 2.389831 -4967.976177
9.794872 2.457627 -4962.352759
9.794872 2.525424 -4957.070919
9.794872 2.593220 -4952.175521
9.794872 2.661017 -4947.716206
9.794872 2.728814 -4943.747738
9.794872 2.796610 -4940.330173
9.794872 2.864407 -4937.528866
9.794872 2.932203 -4935.414321
9.794872 3.000000 -4934.061954
11.051282 -1.000000 -5280.389153
11.051282 -0.932203 -5272.299998
11.051282 -0.864407 -5264.412505
11.051282 -0.796610 -5256.707683
11.051282 -0.728814 -5249.167686
11.051282 -0.661017 -5241.775667
11.051282 -0.593220 -5234.515648
11.051282 -0.525424 -5227.372430
11.051282 -0.457627 -5220.331520
11.051282 -0.389831 -5213.379082
11.051282 -0.322034 -5206.501910
11.051282 -0.254237 -5199.687418
11.051282 -0.186441 -5192.923645
11.051282 -0.118644 -5186.199278
11.051282 -0.050847 -5179.503673
11.051282 0.016949 -5172.826904
11.051282 0.084746 -5166.159795
11.051282 0.152542 -5159.493974
11.051282 0.220339 -5152.821913
11.051282 0.288136 -5146.136975
11.051282 0.355932 -5139.433454
11.051282 0.423729 -5132.706610
11.051282 0.491525 -5125.952693
11.051282 0.559322 -5119.168973
11.051282 0.627119 -5112.353747
11.051282 0.694915 -5105.506351
11.051282 0.762712 -5098.627158
11.051282 0.830508 -5091.717581
11.051282 0.898305 -5084.780060
11.051282 0.966102 -5077.818061
11.051282 1.033898 -5070.836071
11.051282 1.101695 -5063.839597
11.051282 1.169492 -5056.835175
11.051282 1.237288 -5049.830390
11.051282 1.305085 -5042.833904
11.051282 1.372881 -5035.855499
11.051282 1.440678 -5028.906123
11.051282 1.508475 -5021.997948
11.051282 1.576271 -5015.144426
11.051282 1.644068 -5008.360335
11.051282 1.711864 -5001.661823
11.051282 1.779661 -4995.066436
11.051282 1.847458 -4988.593141
11.051282 1.915254 -4982.262354
11.051282 1.983051 -4976.095985
11.051282 2.050847 -4970.117529
11.051282 2.118644 -4964.352222
11.051282 2.186441 -4958.827282
11.051282 2.254237 -4953.572258
11.051282 2.322034 -4948.619459
11.051282 2.389831 -4944.004466
11.051282 2.457627 -4939.766660
11.051282 2.525424 -4935.949723
11.051282 2.593220 -4932.602050
11.051282 2.661017 -4929.777003
11.051282 2.728814 -4927.533009
11.051282 2.796610 -4925.933480
11.051282 2.864407 -4925.046611
11.051282 2.932203 -4924.945139
11.051282 3.000000 -4925.706126
12.307692 -1.000000 -5251.110228
12.307692 -0.932203 -5242.891498
12.307692 -0.864407 -5234.874689
12.307692 -0.796610 -5227.040313
12.307692 -0.728814 -5219.370148
12.307692 -0.661017 -5211.847074
12.307692 -0.593220 -5204.454959
12.307692 -0.525424 -5197.178570
12.307692 -0.457627 -5190.003516
12.307692 -0.389831 -5182.916212
12.307692 -0.322034 -5175.903865
12.307692 -0.254237 -5168.954484
12.307692 -0.186441 -5162.056888
12.307692 -0.118644 -5155.200739
12.307692 -0.050847 -5148.376570
12.307692 0.016949 -5141.575821
12.307692 0.084746 -5134.790876
12.307692 0.152542 -5128.015096
12.307692 0.220339 -5121.242846
12.307692 0.288136 -5114.469518
12.307692 0.355932 -5107.691552
12.307692 0.423729 -5100.906442
12.307692 0.491525 -5094.112740
12.307692 0.559322 -5087.310054
12.307692 0.627119 -5080.499038
12.307692 0.694915 -5073.681373
12.307692 0.762712 -5066.859755
12.307692 0.830508 -5060.037871
12.307692 0.898305 -5053.220381
12.307692 0.966102 -5046.412901
12.307692 1.033898 -5039.621995
12.307692 1.101695 -5032.855171
12.307692 1.169492 -5026.120895
12.307692 1.237288 -5019.428613
12.307692 1.305085 -5012.788781
12.307692 1.372881 -5006.212911
12.307692 1.440678 -4999.713616
12.307692 1.508475 -4993.304650
12.307692 1.576271 -4987.000952
12.307692 1.644068 -4980.818666
12.307692 1.711864 -4974.775157
12.307692 1.779661 -4968.889026
12.307692 1.847458 -4963.180126
12.307692 1.915254 -4957.669610
12.307692 1.983051 -4952.380036
12.307692 2.050847 -4947.335546
12.307692 2.118644 -4942.562135
12.307692 2.186441 -4938.088034
12.307692 2.254237 -4933.944170
12.307692 2.322034 -4930.164692
12.307692 2.389831 -4926.787503
12.307692 2.457627 -4923.854737
12.307692 2.525424 -4921.413126
12.307692 2.593220 -4919.514212
12.307692 2.661017 -4918.214375
12.307692 2.728814 -4917.574718
12.307692 2.796610 -4917.660840
12.307692 2.864407 -4918.542598
12.307692 2.932203 -4920.293938
12.307692 3.000000 -4922.992877
13.564103 -1.000000 -5226.049118
13.564103 -0.932203 -5217.736015
13.564103 -0.864407 -5209.621674
13.564103 -0.796610 -5201.686728
13.564103 -0.728814 -5193.913113
13.564103 -0.661017 -5186.283927
13.564103 -0.593220 -5178.783327
13.564103 -0.525424 -5171.396465
13.564103 -0.457627 -5164.109449
13.564103 -0.389831 -5156.909330
13.564103 -0.322034 -5149.784098
13.564103 -0.254237 -5142.722703
13.564103 -0.186441 -5135.715071
13.564103 -0.118644 -5128.752134
13.564103 -0.050847 -5121.825853
13.564103 0.016949 -5114.929246
13.564103 0.084746 -5108.056407
13.564103 0.152542 -5101.202521
13.564103 0.220339 -5094.363874
13.564103 0.288136 -5087.537853
13.564103 0.355932 -5080.722943
13.564103 0.423729 -5073.918713
13.564103 0.491525 -5067.125804
13.564103 0.559322 -5060.345899
13.564103 0.627119 -5053.581701
13.564103 0.694915 -5046.836901
13.564103 0.762712 -5040.116144
13.564103 0.830508 -5033.425003
13.564103 0.898305 -5026.769944
13.564103 0.966102 -5020.158316
13.564103 1.033898 -5013.598334
13.564103 1.101695 -5007.099083
13.564103 1.169492 -5000.670534
13.564103 1.237288 -4994.323573
13.564103 1.305085 -4988.070030
13.564103 1.372881 -4981.922724
13.564103 1.440678 -4975.895494
13.564103 1.508475 -4970.003228
13.564103 1.576271 -4964.261875
13.564103 1.644068 -4958.688447
13.564103 1.711864 -4953.301027
13.564103 1.779661 -4948.118775
13.564103 1.847458 -4943.161980
13.564103 1.915254 -4938.452169
13.564103 1.983051 -4934.012300
13.564103 2.050847 -4929.867054
13.564103 2.118644 -4926.043231
13.564103 2.186441 -4922.570235
13.564103 2.254237 -4919.480605
13.564103 2.322034 -4916.810545
13.564103 2.389831 -4914.600388
13.564103 2.457627 -4912.894933
13.564103 2.525424 -4911.743626
13.564103 2.593220 -4911.200559
13.564103 2.661017 -4911.324332
13.564103 2.728814 -4912.177821
13.564103 2.796610 -4913.827948
13.564103 2.864407 -4916.345541
13.564103 2.932203 -4919.805366
13.564103 3.000000 -4924.286368
14.820513 -1.000000 -5204.315810
14.820513 -0.932203 -5195.924777
14.820513 -0.864407 -5187.728691
14.820513 -0.796610 -5179.708588
14.820513 -0.728814 -5171.846814
14.820513 -0.661017 -5164.126910
14.820513 -0.593220 -5156.533544
14.820513 -0.525424 -5149.052468
14.820513 -0.457627 -5141.670503
14.820513 -0.389831 -5134.375539
14.820513 -0.322034 -5127.156546
14.820513 -0.254237 -5120.003590
14.820513 -0.186441 -5112.907857
14.820513 -0.118644 -5105.861666
14.820513 -0.050847 -5098.858488
14.820513 0.016949 -5091.892952
14.820513 0.084746 -5084.960850
14.820513 0.152542 -5078.059132
14.820513 0.220339 -5071.185896
14.820513 0.288136 -5064.340372
14.820513 0.355932 -5057.522901
14.820513 0.423729 -5050.734904
14.820513 0.491525 -5043.978850
14.820513 0.559322 -5037.258220
14.820513 0.627119 -5030.577461
14.820513 0.694915 -5023.941950
14.820513 0.762712 -5017.357946
14.820513 0.830508 -5010.832555
14.820513 0.898305 -5004.373699
14.820513 0.966102 -4997.990099
14.820513 1.033898 -4991.691268
14.820513 1.101695 -4985.487517
14.820513 1.169492 -4979.389981
14.820513 1.237288 -4973.410646
14.820513 1.305085 -4967.562382
14.820513 1.372881 -4961.858970
14.820513 1.440678 -4956.315125
14.820513 1.508475 -4950.946496
14.820513 1.576271 -4945.769661
14.820513 1.644068 -4940.802120
14.820513 1.711864 -4936.062299
14.820513 1.779661 -4931.569597
14.820513 1.847458 -4927.344494
14.820513 1.915254 -4923.408746
14.820513 1.983051 -4919.785692
14.820513 2.050847 -4916.500655
14.820513 2.118644 -4913.581438
14.820513 2.186441 -4911.058857
14.820513 2.254237 -4908.967275
14.820513 2.322034 -4907.345053
14.820513 2.389831 -4906.234880
14.820513 2.457627 -4905.683939
14.820513 2.525424 -4905.743898
14.820513 2.593220 -4906.470759
14.820513 2.661017 -4907.924633
14.820513 2.728814 -4910.169517
14.820513 2.796610 -4913.273170
14.820513 2.864407 -4917.307171
14.820513 2.932203 -4922.347189
14.820513 3.000000 -4928.473468
16.076923 -1.000000 -5185.229173
16.076923 -0.932203 -5176.769288
16.076923 -0.864407 -5168.501299
16.076923 -0.796610 -5160.406704
16.076923 -0.728814 -5152.468317
16.076923 -0.661017 -5144.670197
16.076923 -0.593220 -5136.997604
16.076923 -0.525424 -5129.436981
16.076923 -0.457627 -5121.975957
16.076923 -0.389831 -5114.603354
16.076923 -0.322034 -5107.309201
16.076923 -0.254237 -5100.084746
16.076923 -0.186441 -5092.922469
16.076923 -0.118644 -5085.816086
16.076923 -0.050847 -5078.760546
16.076923 0.016949 -5071.752026
16.076923 0.084746 -5064.787916
16.076923 0.152542 -5057.866800
16.076923 0.220339 -5050.988426
16.076923 0.288136 -5044.153682
16.076923 0.355932 -5037.364553
16.076923 0.423729 -5030.624082
16.076923 0.491525 -5023.936322
16.076923 0.559322 -5017.306284
16.076923 0.627119 -5010.739886
16.076923 0.694915 -5004.243898
16.076923 0.762712 -4997.825892
16.076923 0.830508 -4991.494207
16.076923 0.898305 -4985.257914
16.076923 0.966102 -4979.126808
16.076923 1.033898 -4973.111408
16.076923 1.101695 -4967.222973
16.076923 1.169492 -4961.473529
16.076923 1.237288 -4955.875898
16.076923 1.305085 -4950.443719
16.076923 1.372881 -4945.191467
16.076923 1.440678 -4940.134443
16.076923 1.508475 -4935.288762
16.076923 1.576271 -4930.671337
16.076923 1.644068 -4926.299871
16.076923 1.711864 -4922.192898
16.076923 1.779661 -4918.369880
16.076923 1.847458 -4914.851407
16.076923 1.915254 -4911.659491
16.076923 1.983051 -4908.817977
16.076923 2.050847 -4906.353035
16.076923 2.118644 -4904.293703
16.076923 2.186441 -4902.672410
16.076923 2.254237 -4901.525443
16.076923 2.322034 -4900.893271
16.076923 2.389831 -4900.820716
16.076923 2.457627 -4901.356943
16.076923 2.525424 -4902.555322
16.076923 2.593220 -4904.473202
16.076923 2.661017 -4907.171695
16.076923 2.728814 -4910.715560
16.076923 2.796610 -4915.173260
16.076923 2.864407 -4920.617244
16.076923 2.932203 -4927.124449
16.076923 3.000000 -4934.776957
17.333333 -1.000000 -5168.268476
17.333333 -0.932203 -5159.747346
17.333333 -0.864407 -5151.416336
17.333333 -0.796610 -5143.257344
17.333333 -0.728814 -5135.253625
17.333333 -0.661017 -5127.389747
17.333333 -0.593220 -5119.651576
17.333333 -0.525424 -5112.026275
17.333333 -0.457627 -5104.502310
17.333333 -0.389831 -5097.069461
17.333333 -0.322034 -5089.718830
17.333333 -0.254237 -5082.442842
17.333333 -0.186441 -5075.235241
17.333333 -0.118644 -5068.091081
17.333333 -0.050847 -5061.006709
17.333333 0.016949 -5053.979740
17.333333 0.084746 -5047.009033
17.333333 0.152542 -5040.094652
17.333333 0.220339 -5033.237831
17.333333 0.288136 -5026.440927
17.333333 0.355932 -5019.707374
17.333333 0.423729 -5013.041625
17.333333 0.491525 -5006.449088
17.333333 0.559322 -4999.936068
17.333333 0.627119 -4993.509700
17.333333 0.694915 -4987.177889
17.333333 0.762712 -4980.949258
17.333333 0.830508 -4974.833116
17.333333 0.898305 -4968.839430
17.333333 0.966102 -4962.978825
17.333333 1.033898 -4957.262599
17.333333 1.101695 -4951.702740
17.333333 1.169492 -4946.311959
17.333333 1.237288 -4941.103706
17.333333 1.305085 -4936.092181
17.333333 1.372881 -4931.292327
17.333333 1.440678 -4926.719804
17.333333 1.508475 -4922.390963
17.333333 1.576271 -4918.322830
17.333333 1.644068 -4914.533128
17.333333 1.711864 -4911.040368
17.333333 1.779661 -4907.864031
17.333333 1.847458 -4905.024858
17.333333 1.915254 -4902.545246
17.333333 1.983051 -4900.449746
17.333333 2.050847 -4898.765592
17.333333 2.118644 -4897.523247
17.333333 2.186441 -4896.756862
17.333333 2.254237 -4896.504622
17.333333 2.322034 -4896.808930
17.333333 2.389831 -4897.716417
17.333333 2.457627 -4899.277812
17.333333 2.525424 -4901.547728
17.333333 2.593220 -4904.584448
17.333333 2.661017 -4908.449803
17.333333 2.728814 -4913.209217
17.333333 2.796610 -4918.931977
17.333333 2.864407 -4925.691735
17.333333 2.932203 -4933.567181
17.333333 3.000000 -4942.642785
18.589744 -1.000000 -5153.036340
18.589744 -0.932203 -5144.462562
18.589744 -0.864407 -5136.078391
18.589744 -0.796610 -5127.866030
18.589744 -0.728814 -5119.809115
18.589744 -0.661017 -5111.892695
18.589744 -0.593220 -5104.103230
18.589744 -0.525424 -5096.428602
18.589744 -0.457627 -5088.858116
18.589744 -0.389831 -5081.382502
18.589744 -0.322034 -5073.993909
18.589744 -0.254237 -5066.685898
18.589744 -0.186441 -5059.453416
18.589744 -0.118644 -5052.292772
18.589744 -0.050847 -5045.201608
18.589744 0.016949 -5038.178862
18.589744 0.084746 -5031.224728
18.589744 0.152542 -5024.340606
18.589744 0.220339 -5017.529057
18.589744 0.288136 -5010.793746
18.589744 0.355932 -5004.139371
18.589744 0.423729 -4997.571600
18.589744 0.491525 -4991.096993
18.589744 0.559322 -4984.722928
18.589744 0.627119 -4978.457530
18.589744 0.694915 -4972.309610
18.589744 0.762712 -4966.288617
18.589744 0.830508 -4960.404609
18.589744 0.898305 -4954.668249
18.589744 0.966102 -4949.090804
18.589744 1.033898 -4943.684178
18.589744 1.101695 -4938.460928
18.589744 1.169492 -4933.434290
18.589744 1.237288 -4928.618181
18.589744 1.305085 -4924.027194
18.589744 1.372881 -4919.676559
18.589744 1.440678 -4915.582110
18.589744 1.508475 -4911.760257
18.589744 1.576271 -4908.227990
18.589744 1.644068 -4905.002951
18.589744 1.711864 -4902.103596
18.589744 1.779661 -4899.549470
18.589744 1.847458 -4897.361588
18.589744 1.915254 -4895.562918
18.589744 1.983051 -4894.178915
18.589744 2.050847 -4893.238064
18.589744 2.118644 -4892.772363
18.589744 2.186441 -4892.817685
18.589744 2.254237 -4893.413987
18.589744 2.322034 -4894.605351
18.589744 2.389831 -4896.439873
18.589744 2.457627 -4898.969467
18.589744 2.525424 -4902.249646
18.589744 2.593220 -4906.339390
18.589744 2.661017 -4911.301163
18.589744 2.728814 -4917.201158
18.589744 2.796610 -4924.109772
18.589744 2.864407 -4932.102287
18.589744 2.932203 -4941.259642
18.589744 3.000000 -4951.669151
19.846154 -1.000000 -5139.229396
19.846154 -0.932203 -5130.613141
19.846154 -0.864407 -5122.186990
19.846154 -0.796610 -5113.933367
19.846154 -0.728814 -5105.836237
19.846154 -0.661017 -5097.881106
19.846154 -0.593220 -5090.055020
19.846154 -0.525424 -5082.346572
19.846154 -0.457627 -5074.745890
19.846154 -0.389831 -5067.244631
19.846154 -0.322034 -5059.835955
19.846154 -0.254237 -5052.514499
19.846154 -0.186441 -5045.276340
19.846154 -0.118644 -5038.118957
19.846154 -0.050847 -5031.041188
19.846154 0.016949 -5024.043183
19.846154 0.084746 -5017.126348
19.846154 0.152542 -5010.293295
19.846154 0.220339 -5003.547771
19.846154 0.288136 -4996.894591
19.846154 0.355932 -4990.339554
19.846154 0.423729 -4983.889364
19.846154 0.491525 -4977.551539
19.846154 0.559322 -4971.334331
19.846154 0.627119 -4965.246654
19.846154 0.694915 -4959.298027
19.846154 0.762712 -4953.498536
19.846154 0.830508 -4947.858821
19.846154 0.898305 -4942.390082
19.846154 0.966102 -4937.104097
19.846154 1.033898 -4932.013247
19.846154 1.101695 -4927.130541
19.846154 1.169492 -4922.469617
19.846154 1.237288 -4918.044732
19.846154 1.305085 -4913.870724
19.846154 1.372881 -4909.962963
19.846154 1.440678 -4906.337313
19.846154 1.508475 -4903.010116
19.846154 1.576271 -4899.998238
19.846154 1.644068 -4897.319214
19.846154 1.711864 -4894.991486
19.846154 1.779661 -4893.034771
19.846154 1.847458 -4891.470525
19.846154 1.915254 -4890.322470
19.846154 1.983051 -4889.617145
19.846154 2.050847 -4889.384399
19.846154 2.118644 -4889.657792
19.846154 2.186441 -4890.474832
19.846154 2.254237 -4891.877050
19.846154 2.322034 -4893.909929
19.846154 2.389831 -4896.622716
19.846154 2.457627 -4900.068213
19.846154 2.525424 -4904.302623
19.846154 2.593220 -4909.385534
19.846154 2.661017 -4915.380123
19.846154 2.728814 -4922.353587
19.846154 2.796610 -4930.377803
19.846154 2.864407 -4939.530124
19.846154 2.932203 -4949.894165
19.846154 3.000000 -4961.560407
21.102564 -1.000000 -5126.615159
21.102564 -0.932203 -5117.967881
21.102564 -0.864407 -5109.511892
21.102564 -0.796610 -5101.229781
21.102564 -0.728814 -5093.105821
21.102564 -0.661017 -5085.125967
21.102564 -0.593220 -5077.277848
21.102564 -0.525424 -5069.550760
21.102564 -0.457627 -5061.935643
21.102564 -0.389831 -5054.425049
21.102564 -0.322034 -5047.013105
21.102564 -0.254237 -5039.695466
21.102564 -0.186441 -5032.469270
21.102564 -0.118644 -5025.333087
21.102564 -0.050847 -5018.286860
21.102564 0.016949 -5011.331854
21.102564 0.084746 -5004.470585
21.102564 0.152542 -4997.706756
21.102564 0.220339 -4991.045172
21.102564 0.288136 -4984.491655
21.102564 0.355932 -4978.052949
21.102564 0.423729 -4971.736623
21.102564 0.491525 -4965.550976
21.102564 0.559322 -4959.504957
21.102564 0.627119 -4953.608093
21.102564 0.694915 -4947.870448
21.102564 0.762712 -4942.302602
21.102564 0.830508 -4936.915648
21.102564 0.898305 -4931.721217
21.102564 0.966102 -4926.731500
21.102564 1.033898 -4921.959270
21.102564 1.101695 -4917.417895
21.102564 1.169492 -4913.121316
21.102564 1.237288 -4909.084015
21.102564 1.305085 -4905.320955
21.102564 1.372881 -4901.847524
21.102564 1.440678 -4898.679503
21.102564 1.508475 -4895.833087
21.102564 1.576271 -4893.324993
21.102564 1.644068 -4891.172673
21.102564 1.711864 -4889.394652
21.102564 1.779661 -4888.010963
21.102564 1.847458 -4887.043672
21.102564 1.915254 -4886.517425
21.102564 1.983051 -4886.459962
21.102564 2.050847 -4886.902548
21.102564 2.118644 -4887.880251
21.102564 2.186441 -4889.432067
21.102564 2.254237 -4891.600880
21.102564 2.322034 -4894.433304
21.102564 2.389831 -4897.979483
21.102564 2.457627 -4902.292913
21.102564 2.525424 -4907.430393
21.102564 2.593220 -4913.452167
21.102564 2.661017 -4920.422307
21.102564 2.728814 -4928.409326
21.102564 2.796610 -4937.486972
21.102564 2.864407 -4947.735065
21.102564 2.932203 -4959.240226
21.102564 3.000000 -4972.096266
22.358974 -1.000000 -5115.014146
22.358974 -0.932203 -5106.347992
22.358974 -0.864407 -5097.874692
22.358974 -0.796610 -5089.576992
22.358974 -0.728814 -5081.439476
22.358974 -0.661017 -5073.448555
22.358974 -0.593220 -5065.592452
22.358974 -0.525424 -5057.861164
22.358974 -0.457627 -5050.246425
22.358974 -0.389831 -5042.741657
22.358974 -0.322034 -5035.341909
22.358974 -0.254237 -5028.043805
22.358974 -0.186441 -5020.845484
22.358974 -0.118644 -5013.746532
22.358974 -0.050847 -5006.747927
22.358974 0.016949 -4999.851958
22.358974 0.084746 -4993.062159
22.358974 0.152542 -4986.383211
22.358974 0.220339 -4979.820855
22.358974 0.288136 -4973.381785
22.358974 0.355932 -4967.073536
22.358974 0.423729 -4960.904387
22.358974 0.491525 -4954.883258
22.358974 0.559322 -4949.019638
22.358974 0.627119 -4943.323527
22.358974 0.694915 -4937.805410
22.358974 0.762712 -4932.476250
22.358974 0.830508 -4927.347513
22.358974 0.898305 -4922.431186
22.358974 0.966102 -4917.739808
22.358974 1.033898 -4913.286479
22.358974 1.101695 -4909.084849
22.358974 1.169492 -4905.149075
22.358974 1.237288 -4901.493762
22.358974 1.305085 -4898.133893
22.358974 1.372881 -4895.084774
22.358974 1.440678 -4892.362028
22.358974 1.508475 -4889.981670
22.358974 1.576271 -4887.960281
22.358974 1.644068 -4886.315310
22.358974 1.711864 -4885.065483
22.358974 1.779661 -4884.231308
22.358974 1.847458 -4883.835617
22.358974 1.915254 -4883.904102
22.358974 1.983051 -4884.465774
22.358974 2.050847 -4885.553292
22.358974 2.118644 -4887.203130
22.358974 2.186441 -4889.455594
22.358974 2.254237 -4892.354697
22.358974 2.322034 -4895.947963
22.358974 2.389831 -4900.286248
22.358974 2.457627 -4905.423641
22.358974 2.525424 -4911.417552
22.358974 2.593220 -4918.329019
22.358974 2.661017 -4926.223261
22.358974 2.728814 -4935.170447
22.358974 2.796610 -4945.246559
22.358974 2.864407 -4956.534214
22.358974 2.932203 -4969.123239
22.358974 3.000000 -4983.110782
23.615385 -1.000000 -5104.286314
23.615385 -0.932203 -5095.613514
23.615385 -0.864407 -5087.135278
23.615385 -0.796610 -5078.834525
23.615385 -0.728814 -5070.696178
23.615385 -0.661017 -5062.707132
23.615385 -0.593220 -5054.856215
23.615385 -0.525424 -5047.134128
23.615385 -0.457627 -5039.533388
23.615385 -0.389831 -5032.048258
23.615385 -0.322034 -5024.674679
23.615385 -0.254237 -5017.410197
23.615385 -0.186441 -5010.253898
23.615385 -0.118644 -5003.206330
23.615385 -0.050847 -4996.269431
23.615385 0.016949 -4989.446442
23.615385 0.084746 -4982.741816
23.615385 0.152542 -4976.161113
23.615385 0.220339 -4969.710887
23.615385 0.288136 -4963.398568
23.615385 0.355932 -4957.232346
23.615385 0.423729 -4951.221061
23.615385 0.491525 -4945.374117
23.615385 0.559322 -4939.701418
23.615385 0.627119 -4934.213326
23.615385 0.694915 -4928.920656
23.615385 0.762712 -4923.834691
23.615385 0.830508 -4918.967209
23.615385 0.898305 -4914.330510
23.615385 0.966102 -4909.937433
23.615385 1.033898 -4905.801351
23.615385 1.101695 -4901.936126
23.615385 1.169492 -4898.356049
23.615385 1.237288 -4895.075756
23.615385 1.305085 -4892.110159
23.615385 1.372881 -4889.474407
23.615385 1.440678 -4887.183924
23.615385 1.508475 -4885.254547
23.615385 1.576271 -4883.702781
23.615385 1.644068 -4882.546171
23.615385 1.711864 -4881.803784
23.615385 1.779661 -4881.496744
23.615385 1.847458 -4881.648779
23.615385 1.915254 -4882.286709
23.615385 1.983051 -4883.440823
23.615385 2.050847 -4885.145105
23.615385 2.118644 -4887.437304
23.615385 2.186441 -4890.358851
23.615385 2.254237 -4893.954688
23.615385 2.322034 -4898.273082
23.615385 2.389831 -4903.365490
23.615385 2.457627 -4909.286580
23.615385 2.525424 -4916.094465
23.615385 2.593220 -4923.851175
23.615385 2.661017 -4932.623366
23.615385 2.728814 -4942.483190
23.615385 2.796610 -4953.509181
23.615385 2.864407 -4965.786986
23.615385 2.932203 -4979.409716
23.615385 3.000000 -4994.477721
24.871795 -1.000000 -5094.320932
24.871795 -0.932203 -5085.653312
24.871795 -0.864407 -5077.181935
24.871795 -0.796610 -5068.889943
24.871795 -0.728814 -5060.762640
24.871795 -0.661017 -5052.787438
24.871795 -0.593220 -5044.953786
24.871795 -0.525424 -5037.253097
24.871795 -0.457627 -5029.678659
24.871795 -0.389831 -5022.225558
24.871795 -0.322034 -5014.890596
24.871795 -0.254237 -5007.672204
24.871795 -0.186441 -5000.570372
24.871795 -0.118644 -4993.586555
24.871795 -0.050847 -4986.723589
24.871795 0.016949 -4979.985590
24.871795 0.084746 -4973.377840
24.871795 0.152542 -4966.906671
24.871795 0.220339 -4960.579330
24.871795 0.288136 -4954.403859
24.871795 0.355932 -4948.388969
24.871795 0.423729 -4942.543939
24.871795 0.491525 -4936.878543
24.871795 0.559322 -4931.403000
24.871795 0.627119 -4926.127958
24.871795 0.694915 -4921.064507
24.871795 0.762712 -4916.224206
24.871795 0.830508 -4911.619114
24.871795 0.898305 -4907.261815
24.871795 0.966102 -4903.165409
24.871795 1.033898 -4899.343487
24.871795 1.101695 -4895.810058
24.871795 1.169492 -4892.579464
24.871795 1.237288 -4889.666291
24.871795 1.305085 -4887.085305
24.871795 1.372881 -4884.851450
24.871795 1.440678 -4882.979943
24.871795 1.508475 -4881.486478
24.871795 1.576271 -4880.387564
24.871795 1.644068 -4879.700964
24.871795 1.711864 -4879.446218
24.871795 1.779661 -4879.645195
24.871795 1.847458 -4880.322606
24.871795 1.915254 -4881.506432
24.871795 1.983051 -4883.228207
24.871795 2.050847 -4885.523145
24.871795 2.118644 -4888.430115
24.871795 2.186441 -4891.991504
24.871795 2.254237 -4896.253030
24.871795 2.322034 -4901.263581
24.871795 2.389831 -4907.075179
24.871795 2.457627 -4913.743123
24.871795 2.525424 -4921.326377
24.871795 2.593220 -4929.888198
24.871795 2.661017 -4939.496972
24.871795 2.728814 -4950.227133
24.871795 2.796610 -4962.160017
24.871795 2.864407 -4975.384432
24.871795 2.932203 -4989.996735
24.871795 3.000000 -5006.100211
26.128205 -1.000000 -5085.029119
26.128205 -0.932203 -5076.377750
26.128205 -0.864407 -5067.924168
26.128205 -0.796610 -5059.651799
26.128205 -0.728814 -5051.546382
26.128205 -0.661017 -5043.595878
26.128205 -0.593220 -5035.790382
26.128205 -0.525424 -5028.122018
26.128205 -0.457627 -5020.584844
26.128205 -0.389831 -5013.174752
26.128205 -0.322034 -5005.889378
26.128205 -0.254237 -4998.728010
26.128205 -0.186441 -4991.691498
26.128205 -0.118644 -4984.782156
26.128205 -0.050847 -4978.003654
26.128205 0.016949 -4971.360903
26.128205 0.084746 -4964.859927
26.128205 0.152542 -4958.507719
26.128205 0.220339 -4952.312109
26.128205 0.288136 -4946.281629
26.128205 0.355932 -4940.425398
26.128205 0.423729 -4934.753029
26.128205 0.491525 -4929.274578
26.128205 0.559322 -4924.000510
26.128205 0.627119 -4918.941714
26.128205 0.694915 -4914.109521
26.128205 0.762712 -4909.515745
26.128205 0.830508 -4905.172711
26.128205 0.898305 -4901.093256
26.128205 0.966102 -4897.290707
26.128205 1.033898 -4893.778817
26.128205 1.101695 -4890.571673
26.128205 1.169492 -4887.683593
26.128205 1.237288 -4885.129039
26.128205 1.305085 -4882.922575
26.128205 1.372881 -4881.078921
26.128205 1.440678 -4879.613102
26.128205 1.508475 -4878.540734
26.128205 1.576271 -4877.878428
26.128205 1.644068 -4877.644284
26.128205 1.711864 -4877.858439
26.128205 1.779661 -4878.543602
26.128205 1.847458 -4879.725524
26.128205 1.915254 -4881.433339
26.128205 1.983051 -4883.699761
26.128205 2.050847 -4886.561116
26.128205 2.118644 -4890.057252
26.128205 2.186441 -4894.231364
26.128205 2.254237 -4899.129826
26.128205 2.322034 -4904.802093
26.128205 2.389831 -4911.300765
26.128205 2.457627 -4918.681877
26.128205 2.525424 -4927.005430
26.128205 2.593220 -4936.336159
26.128205 2.661017 -4946.744453
26.128205 2.728814 -4958.307285
26.128205 2.796610 -4971.108964
26.128205 2.864407 -4985.241497
26.128205 2.932203 -5000.804332
26.128205 3.000000 -5017.903322
27.384615 -1.000000 -5076.338374
27.384615 -0.932203 -5067.713365
27.384615 -0.864407 -5059.287495
27.384615 -0.796610 -5051.044546
27.384615 -0.728814 -5042.970741
27.384615 -0.661017 -5035.054630
27.384615 -0.593220 -5027.286970
27.384615 -0.525424 -5019.660606
27.384615 -0.457627 -5012.170358
27.384615 -0.389831 -5004.812911
27.384615 -0.322034 -4997.586715
27.384615 -0.254237 -4990.491885
27.384615 -0.186441 -4983.530093
27.384615 -0.118644 -4976.704457
27.384615 -0.050847 -4970.019420
27.384615 0.016949 -4963.480607
27.384615 0.084746 -4957.094686
27.384615 0.152542 -4950.869212
27.384615 0.220339 -4944.812488
27.384615 0.288136 -4938.933431
27.384615 0.355932 -4933.241470
27.384615 0.423729 -4927.746473
27.384615 0.491525 -4922.458712
27.384615 0.559322 -4917.388862
27.384615 0.627119 -4912.548022
27.384615 0.694915 -4907.947755
27.384615 0.762712 -4903.600121
27.384615 0.830508 -4899.517693
27.384615 0.898305 -4895.713540
27.384615 0.966102 -4892.201171
27.384615 1.033898 -4888.994444
27.384615 1.101695 -4886.107454
27.384615 1.169492 -4883.554423
27.384615 1.237288 -4881.349630
27.384615 1.305085 -4879.507406
27.384615 1.372881 -4878.042245
27.384615 1.440678 -4876.969024
27.384615 1.508475 -4876.303360
27.384615 1.576271 -4876.062072
27.384615 1.644068 -4876.263713
27.384615 1.711864 -4876.929117
27.384615 1.779661 -4878.081903
27.384615 1.847458 -4879.748878
27.384615 1.915254 -4881.960295
27.384615 1.983051 -4884.749961
27.384615 2.050847 -4888.155195
27.384615 2.118644 -4892.216691
27.384615 2.186441 -4896.978341
27.384615 2.254237 -4902.487099
27.384615 2.322034 -4908.792973
27.384615 2.389831 -4915.949207
27.384615 2.457627 -4924.012709
27.384615 2.525424 -4933.044725
27.384615 2.593220 -4943.111715
27.384615 2.661017 -4954.286318
27.384615 2.728814 -4966.648243
27.384615 2.796610 -4980.284869
27.384615 2.864407 -4995.291342
27.384615 2.932203 -5011.769957
27.384615 3.000000 -5029.828678
28.641026 -1.000000 -5068.188601
28.641026 -0.932203 -5059.598996
28.641026 -0.864407 -5051.209673
28.641026 -0.796610 -5043.004839
28.641026 -0.728814 -5034.971253
28.641026 -0.661017 -5027.098087
28.641026 -0.593220 -5019.376776
28.641026 -0.525424 -5011.800892
28.641026 -0.457627 -5004.366013
28.641026 -0.389831 -4997.069605
28.641026 -0.322034 -4989.910914
28.641026 -0.254237 -4982.890850
28.641026 -0.186441 -4976.011867
28.641026 -0.118644 -4969.277833
28.641026 -0.050847 -4962.693892
28.641026 0.016949 -4956.266303
28.641026 0.084746 -4950.002283
28.641026 0.152542 -4943.909852
28.641026 0.220339 -4937.997686
28.641026 0.288136 -4932.274996
28.641026 0.355932 -4926.751447
28.641026 0.423729 -4921.437102
28.641026 0.491525 -4916.342412
28.641026 0.559322 -4911.478238
28.641026 0.627119 -4906.855885
28.641026 0.694915 -4902.487145
28.641026 0.762712 -4898.384318
28.641026 0.830508 -4894.560213
28.641026 0.898305 -4891.028098
28.641026 0.966102 -4887.801616
28.641026 1.033898 -4884.894668
28.641026 1.101695 -4882.321289
28.641026 1.169492 -4880.095543
28.641026 1.237288 -4878.231481
28.641026 1.305085 -4876.743190
28.641026 1.372881 -4875.644959
28.641026 1.440678 -4874.951578
28.641026 1.508475 -4874.678756
28.641026 1.576271 -4874.843625
28.641026 1.644068 -4875.465292
28.641026 1.711864 -4876.565368
28.641026 1.779661 -4878.168419
28.641026 1.847458 -4880.302299
28.641026 1.915254 -4882.998322
28.641026 1.983051 -4886.291294
28.641026 2.050847 -4890.219413
28.641026 2.118644 -4894.824109
28.641026 2.186441 -4900.149886
28.641026 2.254237 -4906.244245
28.641026 2.322034 -4913.157776
28.641026 2.389831 -4920.944462
28.641026 2.457627 -4929.662249
28.641026 2.525424 -4939.373841
28.641026 2.593220 -4950.147652
28.641026 2.661017 -4962.058782
28.641026 2.728814 -4975.189815
28.641026 2.796610 -4989.631218
28.641026 2.864407 -5005.481133
28.641026 2.932203 -5022.844372
28.641026 3.000000 -5041.830495
29.897436 -1.000000 -5060.529204
29.897436 -0.932203 -5051.982961
29.897436 -0.864407 -5043.637943
29.897436 -0.796610 -5035.478844
29.897436 -0.728814 -5027.493009
29.897436 -0.661017 -5019.670254
29.897436 -0.593220 -5012.002712
29.897436 -0.525424 -5004.484685
29.897436 -0.457627 -4997.112503
29.897436 -0.389831 -4989.884404
29.897436 -0.322034 -4982.800406
29.897436 -0.254237 -4975.862183
29.897436 -0.186441 -4969.072926
29.897436 -0.118644 -4962.437197
29.897436 -0.050847 -4955.960764
29.897436 0.016949 -4949.650437
29.897436 0.084746 -4943.513895
29.897436 0.152542 -4937.559527
29.897436 0.220339 -4931.796297
29.897436 0.288136 -4926.233642
29.897436 0.355932 -4920.881401
29.897436 0.423729 -4915.749796
29.897436 0.491525 -4910.849442
29.897436 0.559322 -4906.191380
29.897436 0.627119 -4901.787124
29.897436 0.694915 -4897.648696
29.897436 0.762712 -4893.788634
29.897436 0.830508 -4890.219959
29.897436 0.898305 -4886.956100
29.897436 0.966102 -4884.010781
29.897436 1.033898 -4881.397882
29.897436 1.101695 -4879.131314
29.897436 1.169492 -4877.224933
29.897436 1.237288 -4875.692536
29.897436 1.305085 -4874.547969
29.897436 1.372881 -4873.805361
29.897436 1.440678 -4873.479487
29.897436 1.508475 -4873.586239
29.897436 1.576271 -4874.143164
29.897436 1.644068 -4875.170007
29.897436 1.711864 -4876.689208
29.897436 1.779661 -4878.726296
29.897436 1.847458 -4881.310138
29.897436 1.915254 -4884.473041
29.897436 1.983051 -4888.250712
29.897436 2.050847 -4892.682128
29.897436 2.118644 -4897.809369
29.897436 2.186441 -4903.677498
29.897436 2.254237 -4910.334564
29.897436 2.322034 -4917.831795
29.897436 2.389831 -4926.224039
29.897436 2.457627 -4935.570456
29.897436 2.525424 -4945.935414
29.897436 2.593220 -4957.389491
29.897436 2.661017 -4970.010413
29.897436 2.728814 -4983.883714
29.897436 2.796610 -4999.102894
29.897436 2.864407 -5015.768878
29.897436 2.932203 -5033.988600
29.897436 3.000000 -5053.872650
31.153846 -1.000000 -5053.316971
31.153846 -0.932203 -5044.820999
31.153846 -0.864407 -5036.527013
31.153846 -0.796610 -5028.420258
31.153846 -0.728814 -5020.488698
31.153846 -0.661017 -5012.722821
31.153846 -0.593220 -5005.115468
31.153846 -0.525424 -4997.661671
31.153846 -0.457627 -4990.358512
31.153846 -0.389831 -4983.204983
31.153846 -0.322034 -4976.201852
31.153846 -0.254237 -4969.351520
31.153846 -0.186441 -4962.657867
31.153846 -0.118644 -4956.126081
31.153846 -0.050847 -4949.762486
31.153846 0.016949 -4943.574356
31.153846 0.084746 -4937.569747
31.153846 0.152542 -4931.757336
31.153846 0.220339 -4926.146308
31.153846 0.288136 -4920.746264
31.153846 0.355932 -4915.567186
31.153846 0.423729 -4910.619436
31.153846 0.491525 -4905.913787
31.153846 0.559322 -4901.461469
31.153846 0.627119 -4897.274212
31.153846 0.694915 -4893.364271
31.153846 0.762712 -4889.744408
31.153846 0.830508 -4886.427830
31.153846 0.898305 -4883.428082
31.153846 0.966102 -4880.758910
31.153846 1.033898 -4878.434110
31.153846 1.101695 -4876.467414
31.153846 1.169492 -4874.872431
31.153846 1.237288 -4873.662696
31.153846 1.305085 -4872.851837
31.153846 1.372881 -4872.453876
31.153846 1.440678 -4872.483654
31.153846 1.508475 -4872.957341
31.153846 1.576271 -4873.892983
31.153846 1.644068 -4875.311029
31.153846 1.711864 -4877.234783
31.153846 1.779661 -4879.690725
31.153846 1.847458 -4882.708690
31.153846 1.915254 -4886.321901
31.153846 1.983051 -4890.566878
31.153846 2.050847 -4895.483289
31.153846 2.118644 -4901.113803
31.153846 2.186441 -4907.504021
31.153846 2.254237 -4914.702563
31.153846 2.322034 -4922.761385
31.153846 2.389831 -4931.736336
31.153846 2.457627 -4941.687968
31.153846 2.525424 -4952.682510
31.153846 2.593220 -4964.792883
31.153846 2.661017 -4978.099555
31.153846 2.728814 -4992.691028
31.153846 2.796610 -5008.663715
31.153846 2.864407 -5026.121042
31.153846 2.932203 -5045.171623
31.153846 3.000000 -5065.926490
32.410256 -1.000000 -5046.514518
32.410256 -0.932203 -5038.074740
32.410256 -0.864407 -5029.837561
32.410256 -0.796610 -5021.788827
32.410256 -0.728814 -5013.917151
32.410256 -0.661017 -5006.213712
32.410256 -0.593220 -4998.672066
32.410256 -0.525424 -4991.287980
32.410256 -0.457627 -4984.059275
32.410256 -0.389831 -4976.985682
32.410256 -0.322034 -4970.068692
32.410256 -0.254237 -4963.311392
32.410256 -0.186441 -4956.718294
32.410256 -0.118644 -4950.295151
32.410256 -0.050847 -4944.048762
32.410256 0.016949 -4937.986790
32.410256 0.084746 -4932.117588
32.410256 0.152542 -4926.450055
32.410256 0.220339 -4920.993538
32.410256 0.288136 -4915.757768
32.410256 0.355932 -4910.752848
32.410256 0.423729 -4905.989278
32.410256 0.491525 -4901.477996
32.410256 0.559322 -4897.230433
32.410256 0.627119 -4893.258544
32.410256 0.694915 -4889.574813
32.410256 0.762712 -4886.192208
32.410256 0.830508 -4883.124086
32.410256 0.898305 -4880.384057
32.410256 0.966102 -4877.985827
32.410256 1.033898 -4875.943050
32.410256 1.101695 -4874.269234
32.410256 1.169492 -4872.977717
32.410256 1.237288 -4872.081777
32.410256 1.305085 -4871.594862
32.410256 1.372881 -4871.530954
32.410256 1.440678 -4871.905043
32.410256 1.508475 -4872.733661
32.410256 1.576271 -4874.035426
32.410256 1.644068 -4875.831539
32.410256 1.711864 -4878.146178
32.410256 1.779661 -4881.006753
32.410256 1.847458 -4884.444009
32.410256 1.915254 -4888.492010
32.410256 1.983051 -4893.188007
32.410256 2.050847 -4898.572295
32.410256 2.118644 -4904.688090
32.410256 2.186441 -4911.581531
32.410256 2.254237 -4919.301865
32.410256 2.322034 -4927.901874
32.410256 2.389831 -4937.438556
32.410256 2.457627 -4947.974034
32.410256 2.525424 -4959.576574
32.410256 2.593220 -4972.321583
32.410256 2.661017 -4986.292342
32.410256 2.728814 -5001.580278
32.410256 2.796610 -5018.284540
32.410256 2.864407 -5036.510723
32.410256 2.932203 -5056.368644
32.410256 3.000000 -5077.969172
33.666667 -1.000000 -5040.089135
33.666667 -0.932203 -5031.710575
33.666667 -0.864407 -5023.535115
33.666667 -0.796610 -5015.549236
33.666667 -0.728814 -5007.742230
33.666667 -0.661017 -5000.105979
33.666667 -0.593220 -4992.634760
33.666667 -0.525424 -4985.325070
33.666667 -0.457627 -4978.175461
33.666667 -0.389831 -4971.186382
33.666667 -0.322034 -4964.360011
33.666667 -0.254237 -4957.700078
33.666667 -0.186441 -4951.211669
33.666667 -0.118644 -4944.901032
33.666667 -0.050847 -4938.775370
33.666667 0.016949 -4932.842661
33.666667 0.084746 -4927.111486
33.666667 0.152542 -4921.590912
33.666667 0.220339 -4916.290408
33.666667 0.288136 -4911.219813
33.666667 0.355932 -4906.389348
33.666667 0.423729 -4901.809655
33.666667 0.491525 -4897.491855
33.666667 0.559322 -4893.447589
33.666667 0.627119 -4889.689043
33.666667 0.694915 -4886.228921
33.666667 0.762712 -4883.080370
33.666667 0.830508 -4880.256851
33.666667 0.898305 -4877.771984
33.666667 0.966102 -4875.639377
33.666667 1.033898 -4873.872492
33.666667 1.101695 -4872.484574
33.666667 1.169492 -4871.488684
33.666667 1.237288 -4870.897863
33.666667 1.305085 -4870.725428
33.666667 1.372881 -4870.985393
33.666667 1.440678 -4871.692976
33.666667 1.508475 -4872.865146
33.666667 1.576271 -4874.521155
33.666667 1.644068 -4876.682985
33.666667 1.711864 -4879.375682
33.666667 1.779661 -4882.627549
33.666667 1.847458 -4886.470185
33.666667 1.915254 -4890.938418
33.666667 1.983051 -4896.070169
33.666667 2.050847 -4901.906305
33.666667 2.118644 -4908.490573
33.666667 2.186441 -4915.869672
33.666667 2.254237 -4924.093543
33.666667 2.322034 -4933.215912
33.666667 2.389831 -4943.295076
33.666667 2.457627 -4954.394893
33.666667 2.525424 -4966.585826
33.666667 2.593220 -4979.945869
33.666667 2.661017 -4994.561143
33.666667 2.728814 -5010.525906
33.666667 2.796610 -5027.941813
33.666667 2.864407 -5046.916257
33.666667 2.932203 -5067.559754
33.666667 3.000000 -5089.982409
34.923077 -1.000000 -5034.011924
34.923077 -0.932203 -5025.698802
34.923077 -0.864407 -5017.589197
34.923077 -0.796610 -5009.670260
34.923077 -0.728814 -5001.931979
34.923077 -0.661017 -4994.366950
34.923077 -0.593220 -4986.970172
34.923077 -0.525424 -4979.738866
34.923077 -0.457627 -4972.672300
34.923077 -0.389831 -4965.771615
34.923077 -0.322034 -4959.039641
34.923077 -0.254237 -4952.480696
34.923077 -0.186441 -4946.100385
34.923077 -0.118644 -4939.905379
34.923077 -0.050847 -4933.903219
34.923077 0.016949 -4928.102127
34.923077 0.084746 -4922.510863
34.923077 0.152542 -4917.138614
34.923077 0.220339 -4911.994950
34.923077 0.288136 -4907.089809
34.923077 0.355932 -4902.433534
34.923077 0.423729 -4898.036928
34.923077 0.491525 -4893.911305
34.923077 0.559322 -4890.068530
34.923077 0.627119 -4886.521019
34.923077 0.694915 -4883.281676
34.923077 0.762712 -4880.363790
34.923077 0.830508 -4877.780882
34.923077 0.898305 -4875.546520
34.923077 0.966102 -4873.674163
34.923077 1.033898 -4872.177034
34.923077 1.101695 -4871.068093
34.923077 1.169492 -4870.360130
34.923077 1.237288 -4870.065980
34.923077 1.305085 -4870.198889
34.923077 1.372881 -4870.772974
34.923077 1.440678 -4871.803756
34.923077 1.508475 -4873.308711
34.923077 1.576271 -4875.307763
34.923077 1.644068 -4877.823689
34.923077 1.711864 -4880.882390
34.923077 1.779661 -4884.513017
34.923077 1.847458 -4888.747961
34.923077 1.915254 -4893.622755
34.923077 1.983051 -4899.175929
34.923077 2.050847 -4905.448895
34.923077 2.118644 -4912.485926
34.923077 2.186441 -4920.334324
34.923077 2.254237 -4929.044806
34.923077 2.322034 -4938.672163
34.923077 2.389831 -4949.276141
34.923077 2.457627 -4960.922488
34.923077 2.525424 -4973.683988
34.923077 2.593220 -4987.641298
34.923077 2.661017 -5002.883351
34.923077 2.728814 -5019.507099
34.923077 2.796610 -5037.616429
34.923077 2.864407 -5057.320132
34.923077 2.932203 -5078.728909
34.923077 3.000000 -5101.951510
36.179487 -1.000000 -5028.257144
36.179487 -0.932203 -5020.012965
36.179487 -0.864407 -5011.972669
36.179487 -0.796610 -5004.124102
36.179487 -0.728814 -4996.457960
36.179487 -0.661017 -4988.967558
36.179487 -0.593220 -4981.648616
36.179487 -0.525424 -4974.499070
36.179487 -0.457627 -4967.518884
36.179487 -0.389831 -4960.709861
36.179487 -0.322034 -4954.075440
36.179487 -0.254237 -4947.620476
36.179487 -0.186441 -4941.351027
36.179487 -0.118644 -4935.274127
36.179487 -0.050847 -4929.397587
36.179487 0.016949 -4923.729820
36.179487 0.084746 -4918.279716
36.179487 0.152542 -4913.056559
36.179487 0.220339 -4908.070003
36.179487 0.288136 -4903.330092
36.179487 0.355932 -4898.847303
36.179487 0.423729 -4894.632614
36.179487 0.491525 -4890.697553
36.179487 0.559322 -4887.054213
36.179487 0.627119 -4883.715227
36.179487 0.694915 -4880.693675
36.179487 0.762712 -4878.002949
36.179487 0.830508 -4875.656570
36.179487 0.898305 -4873.668005
36.179487 0.966102 -4872.050509
36.179487 1.033898 -4870.817034
36.179487 1.101695 -4869.980248
36.179487 1.169492 -4869.552682
36.179487 1.237288 -4869.547013
36.179487 1.305085 -4869.976474
36.179487 1.372881 -4870.855357
36.179487 1.440678 -4872.199559
36.179487 1.508475 -4874.027111
36.179487 1.576271 -4876.358640
36.179487 1.644068 -4879.217722
36.179487 1.711864 -4882.631083
36.179487 1.779661 -4886.628677
36.179487 1.847458 -4891.243631
36.179487 1.915254 -4896.512126
36.179487 1.983051 -4902.473263
36.179487 2.050847 -4909.168975
36.179487 2.118644 -4916.644083
36.179487 2.186441 -4924.946542
36.179487 2.254237 -4934.127940
36.179487 2.322034 -4944.244257
36.179487 2.389831 -4955.356831
36.179487 2.457627 -4967.533436
36.179487 2.525424 -4980.849280
36.179487 2.593220 -4995.387713
36.179487 2.661017 -5011.240418
36.179487 2.728814 -5028.506859
36.179487 2.796610 -5047.292848
36.179487 2.864407 -5067.708151
36.179487 2.932203 -5089.863138
36.179487 3.000000 -5113.864639
37.435897 -1.000000 -5022.801708
37.435897 -0.932203 -5014.629352
37.435897 -0.864407 -5006.661223
37.435897 -0.796610 -4998.885875
37.435897 -0.728814 -4991.294725
37.435897 -0.661017 -4983.881806
37.435897 -0.593220 -4976.643556
37.435897 -0.525424 -4969.578610
37.435897 -0.457627 -4962.687606
37.435897 -0.389831 -4955.972975
37.435897 -0.322034 -4949.438714
37.435897 -0.254237 -4943.090166
37.435897 -0.186441 -4936.933778
37.435897 -0.118644 -4930.976885
37.435897 -0.050847 -4925.227511
37.435897 0.016949 -4919.694215
37.435897 0.084746 -4914.385985
37.435897 0.152542 -4909.312184
37.435897 0.220339 -4904.482552
37.435897 0.288136 -4899.907245
37.435897 0.355932 -4895.596896
37.435897 0.423729 -4891.562677
37.435897 0.491525 -4887.816336
37.435897 0.559322 -4884.370196
37.435897 0.627119 -4881.237089
37.435897 0.694915 -4878.430238
37.435897 0.762712 -4875.963088
37.435897 0.830508 -4873.849109
37.435897 0.898305 -4872.101612
37.435897 0.966102 -4870.733605
37.435897 1.033898 -4869.757749
37.435897 1.101695 -4869.186420
37.435897 1.169492 -4869.031918
37.435897 1.237288 -4869.306810
37.435897 1.305085 -4870.024385
37.435897 1.372881 -4871.199175
37.435897 1.440678 -4872.847511
37.435897 1.508475 -4874.988023
37.435897 1.576271 -4877.642060
37.435897 1.644068 -4880.833982
37.435897 1.711864 -4884.591314
37.435897 1.779661 -4888.944762
37.435897 1.847458 -4893.928138
37.435897 1.915254 -4899.578228
37.435897 1.983051 -4905.934670
37.435897 2.050847 -4913.039919
37.435897 2.118644 -4920.939369
37.435897 2.186441 -4929.681695
37.435897 2.254237 -4939.319454
37.435897 2.322034 -4949.909940
37.435897 2.389831 -4961.516218
37.435897 2.457627 -4974.208205
37.435897 2.525424 -4988.063605
37.435897 2.593220 -5003.168459
37.435897 2.661017 -5019.617095
37.435897 2.728814 -5037.511272
37.435897 2.796610 -5056.958396
37.435897 2.864407 -5078.068771
37.435897 2.932203 -5100.951930
37.435897 3.000000 -5125.712243
38.692308 -1.000000 -5017.624790
38.692308 -0.932203 -5009.526593
38.692308 -0.864407 -5001.632967
38.692308 -0.796610 -4993.933187
38.692308 -0.728814 -4986.419394
38.692308 -0.661017 -4979.086338
38.692308 -0.593220 -4971.931164
38.692308 -0.525424 -4964.953192
38.692308 -0.457627 -4958.153703
38.692308 -0.389831 -4951.535714
38.692308 -0.322034 -4945.103740
38.692308 -0.254237 -4938.863547
38.692308 -0.186441 -4932.821917
38.692308 -0.118644 -4926.986430
38.692308 -0.050847 -4921.365274
38.692308 0.016949 -4915.967118
38.692308 0.084746 -4910.801025
38.692308 0.152542 -4905.876433
38.692308 0.220339 -4901.203175
38.692308 0.288136 -4896.791537
38.692308 0.355932 -4892.652324
38.692308 0.423729 -4888.796920
38.692308 0.491525 -4885.237299
38.692308 0.559322 -4881.986003
38.692308 0.627119 -4879.056040
38.692308 0.694915 -4876.460734
38.692308 0.762712 -4874.213534
38.692308 0.830508 -4872.327805
38.692308 0.898305 -4870.816651
38.692308 0.966102 -4869.692806
38.692308 1.033898 -4868.968621
38.692308 1.101695 -4868.656196
38.692308 1.169492 -4868.767637
38.692308 1.237288 -4869.315456
38.692308 1.305085 -4870.313058
38.692308 1.372881 -4871.775282
38.692308 1.440678 -4873.718942
38.692308 1.508475 -4876.163297
38.692308 1.576271 -4879.130423
38.692308 1.644068 -4882.645450
38.692308 1.711864 -4886.736663
38.692308 1.779661 -4891.435478
38.692308 1.847458 -4896.776347
38.692308 1.915254 -4902.796622
38.692308 1.983051 -4909.536462
38.692308 2.050847 -4917.038851
38.692308 2.118644 -4925.349796
38.692308 2.186441 -4934.518764
38.692308 2.254237 -4944.599386
38.692308 2.322034 -4955.650391
38.692308 2.389831 -4967.736693
38.692308 2.457627 -4980.930451
38.692308 2.525424 -4995.311904
38.692308 2.593220 -5010.969748
38.692308 2.661017 -5028.000819
38.692308 2.728814 -5046.508926
38.692308 2.796610 -5066.602716
38.692308 2.864407 -5088.392591
38.692308 2.932203 -5111.986750
38.692308 3.000000 -5137.486602
39.948718 -1.000000 -5012.707511
39.948718 -0.932203 -5004.685340
39.948718 -0.864407 -4996.868103
39.948718 -0.796610 -4989.245806
39.948718 -0.728814 -4981.811312
39.948718 -0.661017 -4974.560085
39.948718 -0.593220 -4967.489963
39.948718 -0.525424 -4960.600927
39.948718 -0.457627 -4953.894872
39.948718 -0.389831 -4947.375360
39.948718 -0.322034 -4941.047368
39.948718 -0.254237 -4934.917035
39.948718 -0.186441 -4928.991422
39.948718 -0.118644 -4923.278300
39.948718 -0.050847 -4917.785988
39.948718 0.016949 -4912.523234
39.948718 0.084746 -4907.499168
39.948718 0.152542 -4902.723305
39.948718 0.220339 -4898.205584
39.948718 0.288136 -4893.956441
39.948718 0.355932 -4889.986873
39.948718 0.423729 -4886.308483
39.948718 0.491525 -4882.933474
39.948718 0.559322 -4879.874589
39.948718 0.627119 -4877.144980
39.948718 0.694915 -4874.758027
39.948718 0.762712 -4872.727129
39.948718 0.830508 -4871.065498
39.948718 0.898305 -4869.785989
39.948718 0.966102 -4868.901036
39.948718 1.033898 -4868.422682
39.948718 1.101695 -4868.362770
39.948718 1.169492 -4868.733257
39.948718 1.237288 -4869.546655
39.948718 1.305085 -4870.816548
39.948718 1.372881 -4872.558138
39.948718 1.440678 -4874.788761
39.948718 1.508475 -4877.528328
39.948718 1.576271 -4880.799637
39.948718 1.644068 -4884.628567
39.948718 1.711864 -4889.044127
39.948718 1.779661 -4894.078402
39.948718 1.847458 -4899.766443
39.948718 1.915254 -4906.146141
39.948718 1.983051 -4913.258169
39.948718 2.050847 -4921.146060
39.948718 2.118644 -4929.856480
39.948718 2.186441 -4939.439771
39.948718 2.254237 -4949.950736
39.948718 2.322034 -4961.449662
39.948718 2.389831 -4974.003414
39.948718 2.457627 -4987.686469
39.948718 2.525424 -5002.581620
39.948718 2.593220 -5018.780146
39.948718 2.661017 -5036.381227
39.948718 2.728814 -5055.490445
39.948718 2.796610 -5076.217327
39.948718 2.864407 -5098.671935
39.948718 2.932203 -5122.960660
39.948718 3.000000 -5149.181486
41.205128 -1.000000 -5008.032687
41.205128 -0.932203 -5000.088004
41.205128 -0.864407 -4992.348656
41.205128 -0.796610 -4984.805382
41.205128 -0.728814 -4977.451764
41.205128 -0.661017 -4970.283973
41.205128 -0.593220 -4963.300522
41.205128 -0.525424 -4956.502028
41.205128 -0.457627 -4949.890963
41.205128 -0.389831 -4943.471390
41.205128 -0.322034 -4937.248698
41.205128 -0.254237 -4931.229345
41.205128 -0.186441 -4925.420621
41.205128 -0.118644 -4919.830448
41.205128 -0.050847 -4914.467240
41.205128 0.016949 -4909.339812
41.205128 0.084746 -4904.457358
41.205128 0.152542 -4899.829478
41.205128 0.220339 -4895.466237
41.205128 0.288136 -4891.378238
41.205128 0.355932 -4887.576686
41.205128 0.423729 -4884.073412
41.205128 0.491525 -4880.880838
41.205128 0.559322 -4878.011883
41.205128 0.627119 -4875.479807
41.205128 0.694915 -4873.297996
41.205128 0.762712 -4871.479752
41.205128 0.830508 -4870.038079
41.205128 0.898305 -4868.985558
41.205128 0.966102 -4868.334302
41.205128 1.033898 -4868.096058
41.205128 1.101695 -4868.282441
41.205128 1.169492 -4868.905306
41.205128 1.237288 -4869.977223
41.205128 1.305085 -4871.512014
41.205128 1.372881 -4873.525289
41.205128 1.440678 -4876.034941
41.205128 1.508475 -4879.061540
41.205128 1.576271 -4882.628603
41.205128 1.644068 -4886.762728
41.205128 1.711864 -4891.493613
41.205128 1.779661 -4896.853976
41.205128 1.847458 -4902.879434
41.205128 1.915254 -4909.608399
41.205128 1.983051 -4917.082061
41.205128 2.050847 -4925.344524
41.205128 2.118644 -4934.443174
41.205128 2.186441 -4944.429305
41.205128 2.254237 -4955.359003
41.205128 2.322034 -4967.294213
41.205128 2.389831 -4980.303851
41.205128 2.457627 -4994.464761
41.205128 2.525424 -5009.862278
41.205128 2.593220 -5026.590167
41.205128 2.661017 -5044.749756
41.205128 2.728814 -5064.448117
41.205128 2.796610 -5085.795279
41.205128 2.864407 -5108.900536
41.205128 2.932203 -5133.868020
41.205128 3.000000 -5160.791872
42.461538 -1.000000 -5003.584622
42.461538 -0.932203 -4995.718543
42.461538 -0.864407 -4988.058253
42.461538 -0.796610 -4980.595220
42.461538 -0.728814 -4973.323742
42.461538 -0.661017 -4966.240681
42.461538 -0.593220 -4959.345210
42.461538 -0.525424 -4952.638550
42.461538 -0.457627 -4946.123712
42.461538 -0.389831 -4939.805212
42.461538 -0.322034 -4933.688804
42.461538 -0.254237 -4927.781213
42.461538 -0.186441 -4922.089914
42.461538 -0.118644 -4916.622946
42.461538 -0.050847 -4911.388796
42.461538 0.016949 -4906.396338
42.461538 0.084746 -4901.654834
42.461538 0.152542 -4897.173984
42.461538 0.220339 -4892.963998
42.461538 0.288136 -4889.035666
42.461538 0.355932 -4885.400412
42.461538 0.423729 -4882.070293
42.461538 0.491525 -4879.057935
42.461538 0.559322 -4876.376406
42.461538 0.627119 -4874.039027
42.461538 0.694915 -4872.059146
42.461538 0.762712 -4870.449911
42.461538 0.830508 -4869.224086
42.461538 0.898305 -4868.393945
42.461538 0.966102 -4867.971280
42.461538 1.033898 -4867.967555
42.461538 1.101695 -4868.394195
42.461538 1.169492 -4869.263003
42.461538 1.237288 -4870.586665
42.461538 1.305085 -4872.379289
42.461538 1.372881 -4874.656937
42.461538 1.440678 -4877.438083
42.461538 1.508475 -4880.743959
42.461538 1.576271 -4884.598785
42.461538 1.644068 -4889.029855
42.461538 1.711864 -4894.067521
42.461538 1.779661 -4899.745098
42.461538 1.847458 -4906.098746
42.461538 1.915254 -4913.167388
42.461538 1.983051 -4920.992737
42.461538 2.050847 -4929.619507
42.461538 2.118644 -4939.095861
42.461538 2.186441 -4949.474134
42.461538 2.254237 -4960.811791
42.461538 2.322034 -4973.172537
42.461538 2.389831 -4986.627415
42.461538 2.457627 -5001.255666
42.461538 2.525424 -5017.145128
42.461538 2.593220 -5034.391930
42.461538 2.661017 -5053.099332
42.461538 2.728814 -5073.375592
42.461538 2.796610 -5095.330871
42.461538 2.864407 -5119.073274
42.461538 2.932203 -5144.704252
42.461538 3.000000 -5172.313729
43.717949 -1.000000 -4999.348938
43.717949 -0.932203 -4991.562287
43.717949 -0.864407 -4983.981937
43.717949 -0.796610 -4976.600086
43.717949 -0.728814 -4969.411740
43.717949 -0.661017 -4962.414437
43.717949 -0.593220 -4955.607982
43.717949 -0.525424 -4948.994172
43.717949 -0.457627 -4942.576514
43.717949 -0.389831 -4936.359934
43.717949 -0.322034 -4930.350497
43.717949 -0.254237 -4924.555155
43.717949 -0.186441 -4918.981527
43.717949 -0.118644 -4913.637743
43.717949 -0.050847 -4908.532349
43.717949 0.016949 -4903.674275
43.717949 0.084746 -4899.072865
43.717949 0.152542 -4894.737935
43.717949 0.220339 -4890.679858
43.717949 0.288136 -4886.909629
43.717949 0.355932 -4883.438896
43.717949 0.423729 -4880.279935
43.717949 0.491525 -4877.445555
43.717949 0.559322 -4874.948937
43.717949 0.627119 -4872.803419
43.717949 0.694915 -4871.022257
43.717949 0.762712 -4869.618406
43.717949 0.830508 -4868.604352
43.717949 0.898305 -4867.992044
43.717949 0.966102 -4867.792959
43.717949 1.033898 -4868.018300
43.717949 1.101695 -4868.679346
43.717949 1.169492 -4869.787896
43.717949 1.237288 -4871.356804
43.717949 1.305085 -4873.400517
43.717949 1.372881 -4875.935578
43.717949 1.440678 -4878.981057
43.717949 1.508475 -4882.558849
43.717949 1.576271 -4886.693858
43.717949 1.644068 -4891.414045
43.717949 1.711864 -4896.750388
43.717949 1.779661 -4902.736770
43.717949 1.847458 -4909.409876
43.717949 1.915254 -4916.809133
43.717949 1.983051 -4924.976797
43.717949 2.050847 -4933.958229
43.717949 2.118644 -4943.802436
43.717949 2.186441 -4954.562879
43.717949 2.254237 -4966.298497
43.717949 2.322034 -4979.074846
43.717949 2.389831 -4992.965152
43.717949 2.457627 -5008.051065
43.717949 2.525424 -5024.422860
43.717949 2.593220 -5042.178887
43.717949 2.661017 -5061.424104
43.717949 2.728814 -5082.267644
43.717949 2.796610 -5104.819426
43.717949 2.864407 -5129.185967
43.717949 2.932203 -5155.465647
43.717949 3.000000 -5183.743843
44.974359 -1.000000 -4995.312432
44.974359 -0.932203 -4987.605777
44.974359 -0.864407 -4980.106008
44.974359 -0.796610 -4972.806046
44.974359 -0.728814 -4965.701589
44.974359 -0.661017 -4958.790836
44.974359 -0.593220 -4952.074199
44.974359 -0.525424 -4945.554013
44.974359 -0.457627 -4939.234240
44.974359 -0.389831 -4933.120168
44.974359 -0.322034 -4927.218134
44.974359 -0.254237 -4921.535269
44.974359 -0.186441 -4916.079309
44.974359 -0.118644 -4910.858454
44.974359 -0.050847 -4905.881300
44.974359 0.016949 -4901.156843
44.974359 0.084746 -4896.694519
44.974359 0.152542 -4892.504281
44.974359 0.220339 -4888.596685
44.974359 0.288136 -4884.982939
44.974359 0.355932 -4881.674917
44.974359 0.423729 -4878.685101
44.974359 0.491525 -4876.026456
44.974359 0.559322 -4873.712235
44.974359 0.627119 -4871.755745
44.974359 0.694915 -4870.170106
44.974359 0.762712 -4868.968037
44.974359 0.830508 -4868.161717
44.974359 0.898305 -4867.762766
44.974359 0.966102 -4867.782352
44.974359 1.033898 -4868.231452
44.974359 1.101695 -4869.121237
44.974359 1.169492 -4870.463559
44.974359 1.237288 -4872.271488
44.974359 1.305085 -4874.559847
44.974359 1.372881 -4877.345692
44.974359 1.440678 -4880.648694
44.974359 1.508475 -4884.491407
44.974359 1.576271 -4888.899398
44.974359 1.644068 -4893.901272
44.974359 1.711864 -4899.528600
44.974359 1.779661 -4905.815813
44.974359 1.847458 -4912.800106
44.974359 1.915254 -4920.521414
44.974359 1.983051 -4929.022555
44.974359 2.050847 -4938.349586
44.974359 2.118644 -4948.552425
44.974359 2.186441 -4959.685742
44.974359 2.254237 -4971.810041
44.974359 2.322034 -4984.992804
44.974359 2.389831 -4999.309486
44.974359 2.457627 -5014.844129
44.974359 2.525424 -5031.689366
44.974359 2.593220 -5049.945596
44.974359 2.661017 -5069.719233
44.974359 2.728814 -5091.119967
44.974359 2.796610 -5114.257111
44.974359 2.864407 -5139.235210
44.974359 2.932203 -5166.149216
44.974359 3.000000 -5195.079678
46.230769 -1.000000 -4991.462947
46.230769 -0.932203 -4983.836646
46.230769 -0.864407 -4976.417893
46.230769 -0.796610 -4969.200321
46.230769 -0.728814 -4962.180311
46.230769 -0.661017 -4955.356698
46.230769 -0.593220 -4948.730472
46.230769 -0.525424 -4942.304470
46.230769 -0.457627 -4936.083067
46.230769 -0.389831 -4930.071869
46.230769 -0.322034 -4924.277440
46.230769 -0.254237 -4918.707059
46.230769 -0.186441 -4913.368551
46.230769 -0.118644 -4908.270172
46.230769 -0.050847 -4903.420574
46.230769 0.016949 -4898.828822
46.230769 0.084746 -4894.504463
46.230769 0.152542 -4890.457609
46.230769 0.220339 -4886.699010
46.230769 0.288136 -4883.240095
46.230769 0.355932 -4880.092961
46.230769 0.423729 -4877.270275
46.230769 0.491525 -4874.785124
46.230769 0.559322 -4872.650791
46.230769 0.627119 -4870.880508
46.230769 0.694915 -4869.487212
46.230769 0.762712 -4868.483351
46.230769 0.830508 -4867.880778
46.230769 0.898305 -4867.690780
46.230769 0.966102 -4867.924239
46.230769 1.033898 -4868.591936
46.230769 1.101695 -4869.704984
46.230769 1.169492 -4871.275335
46.230769 1.237288 -4873.316320
46.230769 1.305085 -4875.843175
46.230769 1.372881 -4878.873484
46.230769 1.440678 -4882.427529
46.230769 1.508475 -4886.528509
46.230769 1.576271 -4891.202637
46.230769 1.644068 -4896.479133
46.230769 1.711864 -4902.390140
46.230769 1.779661 -4908.970617
46.230769 1.847458 -4916.258260
46.230769 1.915254 -4924.293520
46.230769 1.983051 -4933.119807
46.230769 2.050847 -4942.783918
46.230769 2.118644 -4953.336754
46.230769 2.186441 -4964.834278
46.230769 2.254237 -4977.338641
46.230769 2.322034 -4990.919315
46.230769 2.389831 -5005.654007
46.230769 2.457627 -5021.629123
46.230769 2.525424 -5038.939545
46.230769 2.593220 -5057.687541
46.230769 2.661017 -5077.980724
46.230769 2.728814 -5099.929022
46.230769 2.796610 -5123.640788
46.230769 2.864407 -5149.218234
46.230769 2.932203 -5176.752565
46.230769 3.000000 -5206.319262
47.487179 -1.000000 -4987.789273
47.487179 -0.932203 -4980.243503
47.487179 -0.864407 -4972.906025
47.487179 -0.796610 -4965.771173
47.487179 -0.728814 -4958.835993
47.487179 -0.661017 -4952.099934
47.487179 -0.593220 -4945.564531
47.487179 -0.525424 -4939.233086
47.487179 -0.457627 -4933.110343
47.487179 -0.389831 -4927.202186
47.487179 -0.322034 -4921.515368
47.487179 -0.254237 -4916.057286
47.487179 -0.186441 -4910.835834
47.487179 -0.118644 -4905.859321
47.487179 -0.050847 -4901.136454
47.487179 0.016949 -4896.676385
47.487179 0.084746 -4892.488792
47.487179 0.152542 -4888.583957
47.487179 0.220339 -4884.972839
47.487179 0.288136 -4881.667092
47.487179 0.355932 -4878.679020
47.487179 0.423729 -4876.021455
47.487179 0.491525 -4873.707566
47.487179 0.559322 -4871.750625
47.487179 0.627119 -4870.163742
47.487179 0.694915 -4868.959628
47.487179 0.762712 -4868.150433
47.487179 0.830508 -4867.747672
47.487179 0.898305 -4867.762306
47.487179 0.966102 -4868.204951
47.487179 1.033898 -4869.086235
47.487179 1.101695 -4870.417257
47.487179 1.169492 -4872.210114
47.487179 1.237288 -4874.478443
47.487179 1.305085 -4877.237917
47.487179 1.372881 -4880.506666
47.487179 1.440678 -4884.305581
47.487179 1.508475 -4888.658494
47.487179 1.576271 -4893.592243
47.487179 1.644068 -4899.136640
47.487179 1.711864 -4905.324382
47.487179 1.779661 -4912.190937
47.487179 1.847458 -4919.774501
47.487179 1.915254 -4928.116053
47.487179 1.983051 -4937.259624
47.487179 2.050847 -4947.252808
47.487179 2.118644 -4958.147557
47.487179 2.186441 -4970.001206
47.487179 2.254237 -4982.877626
47.487179 2.322034 -4996.848332
47.487179 2.389831 -5011.993293
47.487179 2.457627 -5028.401226
47.487179 2.525424 -5046.169138
47.487179 2.593220 -5065.400974
47.487179 2.661017 -5086.205278
47.487179 2.728814 -5108.691903
47.487179 2.796610 -5132.967896
47.487179 2.864407 -5159.132806
47.487179 2.932203 -5187.273798
47.487179 3.000000 -5217.461097
48.743590 -1.000000 -4984.281050
48.743590 -0.932203 -4976.815838
48.743590 -0.864407 -4969.559745
48.743590 -0.796610 -4962.507795
48.743590 -0.728814 -4955.657679
48.743590 -0.661017 -4949.009434
48.743590 -0.593220 -4942.565107
48.743590 -0.525424 -4936.328425
48.743590 -0.457627 -4930.304463
48.743590 -0.389831 -4924.499342
48.743590 -0.322034 -4918.919969
48.743590 -0.254237 -4913.573837
48.743590 -0.186441 -4908.468898
48.743590 -0.118644 -4903.613508
48.743590 -0.050847 -4899.016442
48.743590 0.016949 -4894.686956
48.743590 0.084746 -4890.634870
48.743590 0.152542 -4886.870657
48.743590 0.220339 -4883.405492
48.743590 0.288136 -4880.251250
48.743590 0.355932 -4877.420424
48.743590 0.423729 -4874.925980
48.743590 0.491525 -4872.781136
48.743590 0.559322 -4870.999103
48.743590 0.627119 -4869.592826
48.743590 0.694915 -4868.574757
48.743590 0.762712 -4867.956723
48.743590 0.830508 -4867.749897
48.743590 0.898305 -4867.964926
48.743590 0.966102 -4868.612189
48.743590 1.033898 -4869.702200
48.743590 1.101695 -4871.246090
48.743590 1.169492 -4873.256147
48.743590 1.237288 -4875.746346
48.743590 1.305085 -4878.732825
48.743590 1.372881 -4882.234266
48.743590 1.440678 -4886.272165
48.743590 1.508475 -4890.870974
48.743590 1.576271 -4896.058137
48.743590 1.644068 -4901.864040
48.743590 1.711864 -4908.321908
48.743590 1.779661 -4915.467715
48.743590 1.847458 -4923.340154
48.743590 1.915254 -4931.980749
48.743590 1.983051 -4941.434189
48.743590 2.050847 -4951.748918
48.743590 2.118644 -4962.978008
48.743590 2.186441 -4975.180241
48.743590 2.254237 -4988.421278
48.743590 2.322034 -5002.774711
48.743590 2.389831 -5018.322763
48.743590 2.457627 -5035.156392
48.743590 2.525424 -5053.374598
48.743590 2.593220 -5073.082790
48.743590 2.661017 -5094.390177
48.743590 2.728814 -5117.406228
48.743590 2.796610 -5142.236356
48.743590 2.864407 -5168.977132
48.743590 2.932203 -5197.711435
48.743590 3.000000 -5228.504081
50.000000 -1.000000 -4980.928693
50.000000 -0.932203 -4973.543938
50.000000 -0.864407 -4966.369214
50.000000 -0.796610 -4959.400221
50.000000 -0.728814 -4952.635274
50.000000 -0.661017 -4946.074970
50.000000 -0.593220 -4939.721832
50.000000 -0.525424 -4933.579975
50.000000 -0.457627 -4927.654764
50.000000 -0.389831 -4921.952522
50.000000 -0.322034 -4916.480283
50.000000 -0.254237 -4911.245615
50.000000 -0.186441 -4906.256521
50.000000 -0.118644 -4901.521410
50.000000 -0.050847 -4897.049136
50.000000 0.016949 -4892.849072
50.000000 0.084746 -4888.931202
50.000000 0.152542 -4885.306200
50.000000 0.220339 -4881.985459
50.000000 0.288136 -4878.981066
50.000000 0.355932 -4876.305684
50.000000 0.423729 -4873.972380
50.000000 0.491525 -4871.994375
50.000000 0.559322 -4870.384779
50.000000 0.627119 -4869.156331
50.000000 0.694915 -4868.321196
50.000000 0.762712 -4867.890858
50.000000 0.830508 -4867.876151
50.000000 0.898305 -4868.287425
50.000000 0.966102 -4869.134856
50.000000 1.033898 -4870.428885
50.000000 1.101695 -4872.180720
50.000000 1.169492 -4874.402878
50.000000 1.237288 -4877.109705
50.000000 1.305085 -4880.317819
50.000000 1.372881 -4884.046463
50.000000 1.440678 -4888.317730
50.000000 1.508475 -4893.156679
50.000000 1.576271 -4898.591341
50.000000 1.644068 -4904.652653
50.000000 1.711864 -4911.374360
50.000000 1.779661 -4918.792931
50.000000 1.847458 -4926.947560
50.000000 1.915254 -4935.880338
50.000000 1.983051 -4945.636649
50.000000 2.050847 -4956.265843
50.000000 2.118644 -4967.822182
50.000000 2.186441 -4980.365965
50.000000 2.254237 -4993.964696
50.000000 2.322034 -5008.694071
50.000000 2.389831 -5024.638545
50.000000 2.457627 -5041.891234
50.000000 2.525424 -5060.552973
50.000000 2.593220 -5080.730424
50.000000 2.661017 -5102.533193
50.000000 2.728814 -5126.070057
50.000000 2.796610 -5151.444486
50.000000 2.864407 -5178.749791
50.000000 2.932203 -5208.064347
50.000000 3.000000 -5239.447454
