1.000000 -1.000000 -5913.189542
1.000000 -0.897436 -5912.576492
1.000000 -0.794872 -5911.931453
1.000000 -0.692308 -5911.252083
1.000000 -0.589744 -5910.535827
1.000000 -0.487179 -5909.779896
1.000000 -0.384615 -5908.981240
1.000000 -0.282051 -5908.136522
1.000000 -0.179487 -5907.242085
1.000000 -0.076923 -5906.293914
1.000000 0.025641 -5905.287597
1.000000 0.128205 -5904.218282
1.000000 0.230769 -5903.080620
1.000000 0.333333 -5901.868709
1.000000 0.435897 -5900.576028
1.000000 0.538462 -5899.195362
1.000000 0.641026 -5897.718713
1.000000 0.743590 -5896.137209
1.000000 0.846154 -5894.440991
1.000000 0.948718 -5892.619087
1.000000 1.051282 -5890.659272
1.000000 1.153846 -5888.547908
1.000000 1.256410 -5886.269759
1.000000 1.358974 -5883.807788
1.000000 1.461538 -5881.142919
1.000000 1.564103 -5878.253781
1.000000 1.666667 -5875.116404
1.000000 1.769231 -5871.703895
1.000000 1.871795 -5867.986065
1.000000 1.974359 -5863.929030
1.000000 2.076923 -5859.494761
1.000000 2.179487 -5854.640607
1.000000 2.282051 -5849.318795
1.000000 2.384615 -5843.475894
1.000000 2.487179 -5837.052300
1.000000 2.589744 -5829.981732
1.000000 2.692308 -5822.190790
1.000000 2.794872 -5813.598639
1.000000 2.897436 -5804.116860
1.000000 3.000000 -5793.649575
2.256410 -1.000000 -5791.439356
2.256410 -0.897436 -5788.847742
2.256410 -0.794872 -5786.159313
2.256410 -0.692308 -5783.367480
2.256410 -0.589744 -5780.465099
2.256410 -0.487179 -5777.444421
2.256410 -0.384615 -5774.297025
2.256410 -0.282051 -5771.013754
2.256410 -0.179487 -5767.584634
2.256410 -0.076923 -5763.998793
2.256410 0.025641 -5760.244365
2.256410 0.128205 -5756.308388
2.256410 0.230769 -5752.176687
2.256410 0.333333 -5747.833750
2.256410 0.435897 -5743.262588
2.256410 0.538462 -5738.444591
2.256410 0.641026 -5733.359360
2.256410 0.743590 -5727.984538
2.256410 0.846154 -5722.295631
2.256410 0.948718 -5716.265817
2.256410 1.051282 -5709.865757
2.256410 1.153846 -5703.063410
2.256410 1.256410 -5695.823861
2.256410 1.358974 -5688.109171
2.256410 1.461538 -5679.878265
2.256410 1.564103 -5671.086885
2.256410 1.666667 -5661.687620
2.256410 1.769231 -5651.630045
2.256410 1.871795 -5640.861004
2.256410 1.974359 -5629.325077
2.256410 2.076923 -5616.965255
2.256410 2.179487 -5603.723879
2.256410 2.282051 -5589.543869
2.256410 2.384615 -5574.370279
2.256410 2.487179 -5558.152198
2.256410 2.589744 -5540.845018
2.256410 2.692308 -5522.413045
2.256410 2.794872 -5502.832455
2.256410 2.897436 -5482.094521
2.256410 3.000000 -5460.209052
3.512821 -1.000000 -5659.881733
3.512821 -0.897436 -5654.870837
3.512821 -0.794872 -5649.775997
3.512821 -0.692308 -5644.589112
3.512821 -0.589744 -5639.301399
3.512821 -0.487179 -5633.903308
3.512821 -0.384615 -5628.384432
3.512821 -0.282051 -5622.733410
3.512821 -0.179487 -5616.937810
3.512821 -0.076923 -5610.984019
3.512821 0.025641 -5604.857107
3.512821 0.128205 -5598.540697
3.512821 0.230769 -5592.016826
3.512821 0.333333 -5585.265795
3.512821 0.435897 -5578.266040
3.512821 0.538462 -5570.993990
3.512821 0.641026 -5563.423960
3.512821 0.743590 -5555.528059
3.512821 0.846154 -5547.276139
3.512821 0.948718 -5538.635807
3.512821 1.051282 -5529.572494
3.512821 1.153846 -5520.049630
3.512821 1.256410 -5510.028923
3.512821 1.358974 -5499.470775
3.512821 1.461538 -5488.334842
3.512821 1.564103 -5476.580775
3.512821 1.666667 -5464.169125
3.512821 1.769231 -5451.062429
3.512821 1.871795 -5437.226475
3.512821 1.974359 -5422.631719
3.512821 2.076923 -5407.254853
3.512821 2.179487 -5391.080489
3.512821 2.282051 -5374.102955
3.512821 2.384615 -5356.328176
3.512821 2.487179 -5337.775601
3.512821 2.589744 -5318.480163
3.512821 2.692308 -5298.494189
3.512821 2.794872 -5277.889229
3.512821 2.897436 -5256.757789
3.512821 3.000000 -5235.215058
4.769231 -1.000000 -5552.916081
4.769231 -0.897436 -5545.597137
4.769231 -0.794872 -5538.299209
4.769231 -0.692308 -5531.009890
4.769231 -0.589744 -5523.716078
4.769231 -0.487179 -5516.403838
4.769231 -0.384615 -5509.058276
4.769231 -0.282051 -5501.663390
4.769231 -0.179487 -5494.201931
4.769231 -0.076923 -5486.655258
4.769231 0.025641 -5479.003198
4.769231 0.128205 -5471.223923
4.769231 0.230769 -5463.293847
4.769231 0.333333 -5455.187550
4.769231 0.435897 -5446.877750
4.769231 0.538462 -5438.335332
4.769231 0.641026 -5429.529448
4.769231 0.743590 -5420.427704
4.769231 0.846154 -5410.996454
4.769231 0.948718 -5401.201207
4.769231 1.051282 -5391.007165
4.769231 1.153846 -5380.379881
4.769231 1.256410 -5369.286056
4.769231 1.358974 -5357.694437
4.769231 1.461538 -5345.576817
4.769231 1.564103 -5332.909110
4.769231 1.666667 -5319.672461
4.769231 1.769231 -5305.854401
4.769231 1.871795 -5291.450003
4.769231 1.974359 -5276.463080
4.769231 2.076923 -5260.907396
4.769231 2.179487 -5244.807926
4.769231 2.282051 -5228.202139
4.769231 2.384615 -5211.141273
4.769231 2.487179 -5193.691551
4.769231 2.589744 -5175.935320
4.769231 2.692308 -5157.972151
4.769231 2.794872 -5139.920087
4.769231 2.897436 -5121.917351
4.769231 3.000000 -5104.124839
6.025641 -1.000000 -5471.123666
6.025641 -0.897436 -5461.933047
6.025641 -0.794872 -5452.906393
6.025641 -0.692308 -5444.020721
6.025641 -0.589744 -5435.252884
6.025641 -0.487179 -5426.579362
6.025641 -0.384615 -5417.976051
6.025641 -0.282051 -5409.418073
6.025641 -0.179487 -5400.879602
6.025641 -0.076923 -5392.333726
6.025641 0.025641 -5383.752345
6.025641 0.128205 -5375.106119
6.025641 0.230769 -5366.364488
6.025641 0.333333 -5357.495758
6.025641 0.435897 -5348.467293
6.025641 0.538462 -5339.245790
6.025641 0.641026 -5329.797678
6.025641 0.743590 -5320.089622
6.025641 0.846154 -5310.089130
6.025641 0.948718 -5299.765258
6.025641 1.051282 -5289.089393
6.025641 1.153846 -5278.036079
6.025641 1.256410 -5266.583860
6.025641 1.358974 -5254.716130
6.025641 1.461538 -5242.421940
6.025641 1.564103 -5229.696795
6.025641 1.666667 -5216.543421
6.025641 1.769231 -5202.972553
6.025641 1.871795 -5189.003762
6.025641 1.974359 -5174.666351
6.025641 2.076923 -5160.000296
6.025641 2.179487 -5145.057216
6.025641 2.282051 -5129.901284
6.025641 2.384615 -5114.610061
6.025641 2.487179 -5099.275299
6.025641 2.589744 -5084.003893
6.025641 2.692308 -5068.919326
6.025641 2.794872 -5054.163931
6.025641 2.897436 -5039.902147
6.025641 3.000000 -5026.324514
7.282051 -1.000000 -5407.552085
7.282051 -0.897436 -5397.041184
7.282051 -0.794872 -5386.821010
7.282051 -0.692308 -5376.854710
7.282051 -0.589744 -5367.106552
7.282051 -0.487179 -5357.541537
7.282051 -0.384615 -5348.125068
7.282051 -0.282051 -5338.822678
7.282051 -0.179487 -5329.599828
7.282051 -0.076923 -5320.421778
7.282051 0.025641 -5311.253557
7.282051 0.128205 -5302.060017
7.282051 0.230769 -5292.806006
7.282051 0.333333 -5283.456639
7.282051 0.435897 -5273.977691
7.282051 0.538462 -5264.336080
7.282051 0.641026 -5254.500442
7.282051 0.743590 -5244.441777
7.282051 0.846154 -5234.134119
7.282051 0.948718 -5223.555225
7.282051 1.051282 -5212.687235
7.282051 1.153846 -5201.517285
7.282051 1.256410 -5190.038065
7.282051 1.358974 -5178.248326
7.282051 1.461538 -5166.153356
7.282051 1.564103 -5153.765480
7.282051 1.666667 -5141.104604
7.282051 1.769231 -5128.198859
7.282051 1.871795 -5115.085322
7.282051 1.974359 -5101.810796
7.282051 2.076923 -5088.432559
7.282051 2.179487 -5075.019040
7.282051 2.282051 -5061.650414
7.282051 2.384615 -5048.419265
7.282051 2.487179 -5035.431613
7.282051 2.589744 -5022.808664
7.282051 2.692308 -5010.689566
7.282051 2.794872 -4999.235089
7.282051 2.897436 -4988.631699
7.282051 3.000000 -4979.095075
8.538462 -1.000000 -5356.691573
8.538462 -0.897436 -5345.340766
8.538462 -0.794872 -5334.366761
8.538462 -0.692308 -5323.720134
8.538462 -0.589744 -5313.354199
8.538462 -0.487179 -5303.224402
8.538462 -0.384615 -5293.287835
8.538462 -0.282051 -5283.502882
8.538462 -0.179487 -5273.828997
8.538462 -0.076923 -5264.226621
8.538462 0.025641 -5254.657226
8.538462 0.128205 -5245.083496
8.538462 0.230769 -5235.469626
8.538462 0.333333 -5225.781727
8.538462 0.435897 -5215.988316
8.538462 0.538462 -5206.060850
8.538462 0.641026 -5195.974297
8.538462 0.743590 -5185.707678
8.538462 0.846154 -5175.244576
8.538462 0.948718 -5164.573579
8.538462 1.051282 -5153.688650
8.538462 1.153846 -5142.589427
8.538462 1.256410 -5131.281491
8.538462 1.358974 -5119.776627
8.538462 1.461538 -5108.093145
8.538462 1.564103 -5096.256286
8.538462 1.666667 -5084.298741
8.538462 1.769231 -5072.261265
8.538462 1.871795 -5060.193311
8.538462 1.974359 -5048.153619
8.538462 2.076923 -5036.210699
8.538462 2.179487 -5024.443273
8.538462 2.282051 -5012.940874
8.538462 2.384615 -5001.804959
8.538462 2.487179 -4991.150888
8.538462 2.589744 -4981.110973
8.538462 2.692308 -4971.838353
8.538462 2.794872 -4963.510993
8.538462 2.897436 -4956.334785
8.538462 3.000000 -4950.544910
9.794872 -1.000000 -5315.056396
9.794872 -0.897436 -5303.201358
9.794872 -0.794872 -5291.768861
9.794872 -0.692308 -5280.700757
9.794872 -0.589744 -5269.943099
9.794872 -0.487179 -5259.445329
9.794872 -0.384615 -5249.159680
9.794872 -0.282051 -5239.040799
9.794872 -0.179487 -5229.045549
9.794872 -0.076923 -5219.132999
9.794872 0.025641 -5209.264568
9.794872 0.128205 -5199.404293
9.794872 0.230769 -5189.519203
9.794872 0.333333 -5179.579750
9.794872 0.435897 -5169.560262
9.794872 0.538462 -5159.439383
9.794872 0.641026 -5149.200475
9.794872 0.743590 -5138.831937
9.794872 0.846154 -5128.327455
9.794872 0.948718 -5117.686172
9.794872 1.051282 -5106.912796
9.794872 1.153846 -5096.017693
9.794872 1.256410 -5085.016999
9.794872 1.358974 -5073.932802
9.794872 1.461538 -5062.793447
9.794872 1.564103 -5051.633952
9.794872 1.666667 -5040.496513
9.794872 1.769231 -5029.431027
9.794872 1.871795 -5018.495545
9.794872 1.974359 -5007.756612
9.794872 2.076923 -4997.289591
9.794872 2.179487 -4987.179202
9.794872 2.282051 -4977.520650
9.794872 2.384615 -4968.421707
9.794872 2.487179 -4960.005888
9.794872 2.589744 -4952.416403
9.794872 2.692308 -4945.820101
9.794872 2.794872 -4940.410395
9.794872 2.897436 -4936.408356
9.794872 3.000000 -4934.061954
11.051282 -1.000000 -5280.389153
11.051282 -0.897436 -5268.231164
11.051282 -0.794872 -5256.512365
11.051282 -0.692308 -5245.170018
11.051282 -0.589744 -5234.146614
11.051282 -0.487179 -5223.388958
11.051282 -0.384615 -5212.847561
11.051282 -0.282051 -5202.476305
11.051282 -0.179487 -5192.232339
11.051282 -0.076923 -5182.076151
11.051282 0.025641 -5171.971791
11.051282 0.128205 -5161.887177
11.051282 0.230769 -5151.794453
11.051282 0.333333 -5141.670339
11.051282 0.435897 -5131.496454
11.051282 0.538462 -5121.259569
11.051282 0.641026 -5110.951779
11.051282 0.743590 -5100.570600
11.051282 0.846154 -5090.118985
11.051282 0.948718 -5079.605292
11.051282 1.051282 -5069.043242
11.051282 1.153846 -5058.451906
11.051282 1.256410 -5047.855780
11.051282 1.358974 -5037.284976
11.051282 1.461538 -5026.775543
11.051282 1.564103 -5016.369878
11.051282 1.666667 -5006.117151
11.051282 1.769231 -4996.073655
11.051282 1.871795 -4986.303045
11.051282 1.974359 -4976.876554
11.051282 2.076923 -4967.873439
11.051282 2.179487 -4959.382041
11.051282 2.282051 -4951.501836
11.051282 2.384615 -4944.346601
11.051282 2.487179 -4938.048387
11.051282 2.589744 -4932.761488
11.051282 2.692308 -4928.665387
11.051282 2.794872 -4925.965892
11.051282 2.897436 -4924.894394
11.051282 3.000000 -4925.706126
12.307692 -1.000000 -5251.110228
12.307692 -0.897436 -5238.756350
12.307692 -0.794872 -5226.841666
12.307692 -0.692308 -5215.302034
12.307692 -0.589744 -5204.079122
12.307692 -0.487179 -5193.119534
12.307692 -0.384615 -5182.374297
12.307692 -0.282051 -5171.798631
12.307692 -0.179487 -5161.351953
12.307692 -0.076923 -5150.998031
12.307692 0.025641 -5140.705222
12.307692 0.128205 -5130.446749
12.307692 0.230769 -5120.200967
12.307692 0.333333 -5109.951566
12.307692 0.435897 -5099.687717
12.307692 0.538462 -5089.404126
12.307692 0.641026 -5079.101011
12.307692 0.743590 -5068.784006
12.307692 0.846154 -5058.464025
12.307692 0.948718 -5048.157107
12.307692 1.051282 -5037.884294
12.307692 1.153846 -5027.671592
12.307692 1.256410 -5017.550051
12.307692 1.358974 -5007.555995
12.307692 1.461538 -4997.731335
12.307692 1.564103 -4988.123928
12.307692 1.666667 -4978.787850
12.307692 1.769231 -4969.783561
12.307692 1.871795 -4961.178022
12.307692 1.974359 -4953.045014
12.307692 2.076923 -4945.466050
12.307692 2.179487 -4938.532265
12.307692 2.282051 -4932.347469
12.307692 2.384615 -4927.032073
12.307692 2.487179 -4922.727139
12.307692 2.589744 -4919.597520
12.307692 2.692308 -4917.833245
12.307692 2.794872 -4917.649000
12.307692 2.897436 -4919.282454
12.307692 3.000000 -4922.992877
13.564103 -1.000000 -5226.049118
13.564103 -0.897436 -5213.551238
13.564103 -0.794872 -5201.485464
13.564103 -0.692308 -5189.788177
13.564103 -0.589744 -5178.401869
13.564103 -0.487179 -5167.274417
13.564103 -0.384615 -5156.358723
13.564103 -0.282051 -5145.612631
13.564103 -0.179487 -5134.999011
13.564103 -0.076923 -5124.485937
13.564103 0.025641 -5114.046896
13.564103 0.128205 -5103.660967
13.564103 0.230769 -5093.312946
13.564103 0.333333 -5082.993394
13.564103 0.435897 -5072.698604
13.564103 0.538462 -5062.430496
13.564103 0.641026 -5052.196433
13.564103 0.743590 -5042.009002
13.564103 0.846154 -5031.885764
13.564103 0.948718 -5021.849025
13.564103 1.051282 -5011.925687
13.564103 1.153846 -5002.147215
13.564103 1.256410 -4992.549758
13.564103 1.358974 -4983.174389
13.564103 1.461538 -4974.067395
13.564103 1.564103 -4965.280515
13.564103 1.666667 -4956.871049
13.564103 1.769231 -4948.901891
13.564103 1.871795 -4941.441698
13.564103 1.974359 -4934.565587
13.564103 2.076923 -4928.356771
13.564103 2.179487 -4922.909374
13.564103 2.282051 -4918.332243
13.564103 2.384615 -4914.753081
13.564103 2.487179 -4912.321874
13.564103 2.589744 -4911.212705
13.564103 2.692308 -4911.623616
13.564103 2.794872 -4913.775111
13.564103 2.897436 -4917.908609
13.564103 3.000000 -4924.286368
14.820513 -1.000000 -5204.315810
14.820513 -0.897436 -5191.698530
14.820513 -0.794872 -5179.505099
14.820513 -0.692308 -5167.673317
14.820513 -0.589744 -5156.147284
14.820513 -0.487179 -5144.876898
14.820513 -0.384615 -5133.817668
14.820513 -0.282051 -5122.930738
14.820513 -0.179487 -5112.183010
14.820513 -0.076923 -5101.547296
14.820513 0.025641 -5091.002428
14.820513 0.128205 -5080.533320
14.820513 0.230769 -5070.130939
14.820513 0.333333 -5059.792209
14.820513 0.435897 -5049.519839
14.820513 0.538462 -5039.322084
14.820513 0.641026 -5029.212450
14.820513 0.743590 -5019.209361
14.820513 0.846154 -5009.335839
14.820513 0.948718 -4999.619232
14.820513 1.051282 -4990.091068
14.820513 1.153846 -4980.787064
14.820513 1.256410 -4971.747286
14.820513 1.358974 -4963.016388
14.820513 1.461538 -4954.643826
14.820513 1.564103 -4946.683944
14.820513 1.666667 -4939.195940
14.820513 1.769231 -4932.243891
14.820513 1.871795 -4925.897190
14.820513 1.974359 -4920.231850
14.820513 2.076923 -4915.332976
14.820513 2.179487 -4911.298360
14.820513 2.282051 -4908.242641
14.820513 2.384615 -4906.301052
14.820513 2.487179 -4905.631770
14.820513 2.589744 -4906.416328
14.820513 2.692308 -4908.858427
14.820513 2.794872 -4913.182281
14.820513 2.897436 -4919.632040
14.820513 3.000000 -4928.473468
16.076923 -1.000000 -5185.229173
16.076923 -0.897436 -5172.506520
16.076923 -0.794872 -5160.201275
16.076923 -0.692308 -5148.252867
16.076923 -0.589744 -5136.607266
16.076923 -0.487179 -5125.216697
16.076923 -0.384615 -5114.039599
16.076923 -0.282051 -5103.040703
16.076923 -0.179487 -5092.191132
16.076923 -0.076923 -5081.468469
16.076923 0.025641 -5070.856751
16.076923 0.128205 -5060.346397
16.076923 0.230769 -5049.934050
16.076923 0.333333 -5039.622361
16.076923 0.435897 -5029.419701
16.076923 0.538462 -5019.339810
16.076923 0.641026 -5009.401399
16.076923 0.743590 -4999.627734
16.076923 0.846154 -4990.046250
16.076923 0.948718 -4980.688289
16.076923 1.051282 -4971.588982
16.076923 1.153846 -4962.787329
16.076923 1.256410 -4954.326382
16.076923 1.358974 -4946.253449
16.076923 1.461538 -4938.620184
16.076923 1.564103 -4931.482517
16.076923 1.666667 -4924.900551
16.076923 1.769231 -4918.938745
16.076923 1.871795 -4913.666820
16.076923 1.974359 -4909.161805
16.076923 2.076923 -4905.511292
16.076923 2.179487 -4902.817513
16.076923 2.282051 -4901.201364
16.076923 2.384615 -4900.805336
16.076923 2.487179 -4901.794619
16.076923 2.589744 -4904.356396
16.076923 2.692308 -4908.698223
16.076923 2.794872 -4915.046958
16.076923 2.897436 -4923.649651
16.076923 3.000000 -4934.776957
17.333333 -1.000000 -5168.268476
17.333333 -0.897436 -5155.452456
17.333333 -0.794872 -5143.050249
17.333333 -0.692308 -5131.002783
17.333333 -0.589744 -5119.257893
17.333333 -0.487179 -5107.770214
17.333333 -0.384615 -5096.501214
17.333333 -0.282051 -5085.419264
17.333333 -0.179487 -5074.499659
17.333333 -0.076923 -5063.724571
17.333333 0.025641 -5053.082926
17.333333 0.128205 -5042.570204
17.333333 0.230769 -5032.188179
17.333333 0.333333 -5021.944599
17.333333 0.435897 -5011.852787
17.333333 0.538462 -5001.931192
17.333333 0.641026 -4992.202886
17.333333 0.743590 -4982.695077
17.333333 0.846154 -4973.438713
17.333333 0.948718 -4964.468243
17.333333 1.051282 -4955.821593
17.333333 1.153846 -4947.540287
17.333333 1.256410 -4939.669647
17.333333 1.358974 -4932.258902
17.333333 1.461538 -4925.361121
17.333333 1.564103 -4919.033028
17.333333 1.666667 -4913.334941
17.333333 1.769231 -4908.331289
17.333333 1.871795 -4904.092143
17.333333 1.974359 -4900.696014
17.333333 2.076923 -4898.233703
17.333333 2.179487 -4896.812483
17.333333 2.282051 -4896.559582
17.333333 2.384615 -4897.624066
17.333333 2.487179 -4900.176806
17.333333 2.589744 -4904.409103
17.333333 2.692308 -4910.531260
17.333333 2.794872 -4918.772611
17.333333 2.897436 -4929.384034
17.333333 3.000000 -4942.642785
18.589744 -1.000000 -5153.036340
18.589744 -0.897436 -5140.140457
18.589744 -0.794872 -5127.657568
18.589744 -0.692308 -5115.529865
18.589744 -0.589744 -5103.706963
18.589744 -0.487179 -5092.145895
18.589744 -0.384615 -5080.811149
18.589744 -0.282051 -5069.674664
18.589744 -0.179487 -5058.715735
18.589744 -0.076923 -5047.920852
18.589744 0.025641 -5037.283455
18.589744 0.128205 -5026.803636
18.589744 0.230769 -5016.487788
18.589744 0.333333 -5006.348172
18.589744 0.435897 -4996.402428
18.589744 0.538462 -4986.672996
18.589744 0.641026 -4977.186540
18.589744 0.743590 -4967.973422
18.589744 0.846154 -4959.067329
18.589744 0.948718 -4950.505120
18.589744 1.051282 -4942.326885
18.589744 1.153846 -4934.576115
18.589744 1.256410 -4927.299847
18.589744 1.358974 -4920.548638
18.589744 1.461538 -4914.376344
18.589744 1.564103 -4908.839884
18.589744 1.666667 -4903.999372
18.589744 1.769231 -4899.919120
18.589744 1.871795 -4896.669863
18.589744 1.974359 -4894.332217
18.589744 2.076923 -4893.000847
18.589744 2.179487 -4892.788388
18.589744 2.282051 -4893.828119
18.589744 2.384615 -4896.274763
18.589744 2.487179 -4900.303616
18.589744 2.589744 -4906.108994
18.589744 2.692308 -4913.903497
18.589744 2.794872 -4923.919421
18.589744 2.897436 -4936.412803
18.589744 3.000000 -4951.669151
19.846154 -1.000000 -5139.229396
19.846154 -0.897436 -5126.269434
19.846154 -0.794872 -5113.723858
19.846154 -0.692308 -5101.535922
19.846154 -0.589744 -5089.656944
19.846154 -0.487179 -5078.046328
19.846154 -0.384615 -5066.671523
19.846154 -0.282051 -5055.507906
19.846154 -0.179487 -5044.538562
19.846154 -0.076923 -5033.754004
19.846154 0.025641 -5023.151830
19.846154 0.128205 -5012.736334
19.846154 0.230769 -5002.518060
19.846154 0.333333 -4992.513265
19.846154 0.435897 -4982.743302
19.846154 0.538462 -4973.233948
19.846154 0.641026 -4964.014765
19.846154 0.743590 -4955.118583
19.846154 0.846154 -4946.581210
19.846154 0.948718 -4938.441380
19.846154 1.051282 -4930.740895
19.846154 1.153846 -4923.524794
19.846154 1.256410 -4916.841391
19.846154 1.358974 -4910.742082
19.846154 1.461538 -4905.281000
19.846154 1.564103 -4900.514840
19.846154 1.666667 -4896.503328
19.846154 1.769231 -4893.310819
19.846154 1.871795 -4891.009200
19.846154 1.974359 -4889.681824
19.846154 2.076923 -4889.427692
19.846154 2.179487 -4890.364836
19.846154 2.282051 -4892.632041
19.846154 2.384615 -4896.388720
19.846154 2.487179 -4901.813561
19.846154 2.589744 -4909.103249
19.846154 2.692308 -4918.472776
19.846154 2.794872 -4930.158305
19.846154 2.897436 -4944.422469
19.846154 3.000000 -4961.560407
21.102564 -1.000000 -5126.615159
21.102564 -0.897436 -5113.608717
21.102564 -0.794872 -5101.019562
21.102564 -0.692308 -5088.791897
21.102564 -0.589744 -5076.878727
21.102564 -0.487179 -5065.241801
21.102564 -0.384615 -5053.851462
21.102564 -0.282051 -5042.686382
21.102564 -0.179487 -5031.733223
21.102564 -0.076923 -5020.986249
21.102564 0.025641 -5010.446899
21.102564 0.128205 -5000.123306
21.102564 0.230769 -4990.029746
21.102564 0.333333 -4980.185976
21.102564 0.435897 -4970.616505
21.102564 0.538462 -4961.349837
21.102564 0.641026 -4952.417821
21.102564 0.743590 -4943.855194
21.102564 0.846154 -4935.699411
21.102564 0.948718 -4927.990701
21.102564 1.051282 -4920.772261
21.102564 1.153846 -4914.090357
21.102564 1.256410 -4907.994214
21.102564 1.358974 -4902.535647
21.102564 1.461538 -4897.768665
21.102564 1.564103 -4893.749483
21.102564 1.666667 -4890.537457
21.102564 1.769231 -4888.197315
21.102564 1.871795 -4886.802643
21.102564 1.974359 -4886.440078
21.102564 2.076923 -4887.213217
21.102564 2.179487 -4889.245267
21.102564 2.282051 -4892.679847
21.102564 2.384615 -4897.680163
21.102564 2.487179 -4904.427551
21.102564 2.589744 -4913.120851
21.102564 2.692308 -4923.977933
21.102564 2.794872 -4937.239945
21.102564 2.897436 -4953.177474
21.102564 3.000000 -4972.096266
22.358974 -1.000000 -5115.014146
22.358974 -0.897436 -5101.979749
22.358974 -0.794872 -5089.366399
22.358974 -0.692308 -5077.119248
22.358974 -0.589744 -5065.193017
22.358974 -0.487179 -5053.551801
22.358974 -0.384615 -5042.168769
22.358974 -0.282051 -5031.025756
22.358974 -0.179487 -5020.112807
22.358974 -0.076923 -5009.427705
22.358974 0.025641 -4998.975451
22.358974 0.128205 -4988.767688
22.358974 0.230769 -4978.822025
22.358974 0.333333 -4969.161253
22.358974 0.435897 -4959.812504
22.358974 0.538462 -4950.806462
22.358974 0.641026 -4942.176743
22.358974 0.743590 -4933.959560
22.358974 0.846154 -4926.193676
22.358974 0.948718 -4918.920565
22.358974 1.051282 -4912.184586
22.358974 1.153846 -4906.032975
22.358974 1.256410 -4900.515537
22.358974 1.358974 -4895.684144
22.358974 1.461538 -4891.592386
22.358974 1.564103 -4888.295895
22.358974 1.666667 -4885.853825
22.358974 1.769231 -4884.331705
22.358974 1.871795 -4883.805358
22.358974 1.974359 -4884.365102
22.358974 2.076923 -4886.119180
22.358974 2.179487 -4889.195586
22.358974 2.282051 -4893.742064
22.358974 2.384615 -4899.924872
22.358974 2.487179 -4907.927564
22.358974 2.589744 -4917.951252
22.358974 2.692308 -4930.217438
22.358974 2.794872 -4944.973430
22.358974 2.897436 -4962.498917
22.358974 3.000000 -4983.110782
23.615385 -1.000000 -5104.286314
23.615385 -0.897436 -5091.242519
23.615385 -0.794872 -5078.623881
23.615385 -0.692308 -5066.376588
23.615385 -0.589744 -5054.457148
23.615385 -0.487179 -5042.832019
23.615385 -0.384615 -5031.477140
23.615385 -0.282051 -5020.377392
23.615385 -0.179487 -5009.526044
23.615385 -0.076923 -4998.924193
23.615385 0.025641 -4988.580153
23.615385 0.128205 -4978.508766
23.615385 0.230769 -4968.730588
23.615385 0.333333 -4959.270987
23.615385 0.435897 -4950.159227
23.615385 0.538462 -4941.427692
23.615385 0.641026 -4933.111356
23.615385 0.743590 -4925.247592
23.615385 0.846154 -4917.876259
23.615385 0.948718 -4911.039906
23.615385 1.051282 -4904.783882
23.615385 1.153846 -4899.156150
23.615385 1.256410 -4894.206792
23.615385 1.358974 -4889.987436
23.615385 1.461538 -4886.551058
23.615385 1.564103 -4883.952730
23.615385 1.666667 -4882.251688
23.615385 1.769231 -4881.514728
23.615385 1.871795 -4881.820374
23.615385 1.974359 -4883.262865
23.615385 2.076923 -4885.954961
23.615385 2.179487 -4890.028960
23.615385 2.282051 -4895.636072
23.615385 2.384615 -4902.945062
23.615385 2.487179 -4912.141540
23.615385 2.589744 -4923.429282
23.615385 2.692308 -4937.034309
23.615385 2.794872 -4953.211208
23.615385 2.897436 -4972.249643
23.615385 3.000000 -4994.477721
24.871795 -1.000000 -5094.320932
24.871795 -0.897436 -5081.285615
24.871795 -0.794872 -5068.679551
24.871795 -0.692308 -5056.450119
24.871795 -0.589744 -5044.555710
24.871795 -0.487179 -5032.965170
24.871795 -0.384615 -5021.657166
24.871795 -0.282051 -5010.619529
24.871795 -0.179487 -4999.848615
24.871795 -0.076923 -4989.348654
24.871795 0.025641 -4979.131040
24.871795 0.128205 -4969.213502
24.871795 0.230769 -4959.619162
24.871795 0.333333 -4950.375528
24.871795 0.435897 -4941.513556
24.871795 0.538462 -4933.066930
24.871795 0.641026 -4925.071680
24.871795 0.743590 -4917.566136
24.871795 0.846154 -4910.591122
24.871795 0.948718 -4904.190153
24.871795 1.051282 -4898.409409
24.871795 1.153846 -4893.297347
24.871795 1.256410 -4888.904044
24.871795 1.358974 -4885.280640
24.871795 1.461538 -4882.479403
24.871795 1.564103 -4880.554979
24.871795 1.666667 -4879.567038
24.871795 1.769231 -4879.584097
24.871795 1.871795 -4880.687738
24.871795 1.974359 -4882.976212
24.871795 2.076923 -4886.566541
24.871795 2.179487 -4891.594811
24.871795 2.282051 -4898.215142
24.871795 2.384615 -4906.598456
24.871795 2.487179 -4916.932496
24.871795 2.589744 -4929.424268
24.871795 2.692308 -4944.305255
24.871795 2.794872 -4961.838307
24.871795 2.897436 -4982.323628
24.871795 3.000000 -5006.100211
26.128205 -1.000000 -5085.029119
26.128205 -0.897436 -5072.018972
26.128205 -0.794872 -5059.441939
26.128205 -0.692308 -5047.246771
26.128205 -0.589744 -5035.393855
26.128205 -0.487179 -5023.854454
26.128205 -0.384615 -5012.609930
26.128205 -0.282051 -5001.650985
26.128205 -0.179487 -4990.976944
26.128205 -0.076923 -4980.594999
26.128205 0.025641 -4970.519384
26.128205 0.128205 -4960.770405
26.128205 0.230769 -4951.373373
26.128205 0.333333 -4942.357530
26.128205 0.435897 -4933.755141
26.128205 0.538462 -4925.600886
26.128205 0.641026 -4917.931641
26.128205 0.743590 -4910.786581
26.128205 0.846154 -4904.207426
26.128205 0.948718 -4898.238566
26.128205 1.051282 -4892.926852
26.128205 1.153846 -4888.320999
26.128205 1.256410 -4884.470826
26.128205 1.358974 -4881.426802
26.128205 1.461538 -4879.240489
26.128205 1.564103 -4877.966324
26.128205 1.666667 -4877.664795
26.128205 1.769231 -4878.406542
26.128205 1.871795 -4880.276451
26.128205 1.974359 -4883.376746
26.128205 2.076923 -4887.828374
26.128205 2.179487 -4893.770723
26.128205 2.282051 -4901.360382
26.128205 2.384615 -4910.770275
26.128205 2.487179 -4922.190533
26.128205 2.589744 -4935.832073
26.128205 2.692308 -4951.932755
26.128205 2.794872 -4970.764500
26.128205 2.897436 -4992.638297
26.128205 3.000000 -5017.903322
27.384615 -1.000000 -5076.338374
27.384615 -0.897436 -5063.368610
27.384615 -0.794872 -5050.835466
27.384615 -0.692308 -5038.689263
27.384615 -0.589744 -5026.892490
27.384615 -0.487179 -5015.418857
27.384615 -0.384615 -5004.252398
27.384615 -0.282051 -4993.386619
27.384615 -0.179487 -4982.823696
27.384615 -0.076923 -4972.573615
27.384615 0.025641 -4962.653204
27.384615 0.128205 -4953.085029
27.384615 0.230769 -4943.896223
27.384615 0.333333 -4935.117401
27.384615 0.435897 -4926.781824
27.384615 0.538462 -4918.924949
27.384615 0.641026 -4911.584377
27.384615 0.743590 -4904.800078
27.384615 0.846154 -4898.614627
27.384615 0.948718 -4893.073199
27.384615 1.051282 -4888.223143
27.384615 1.153846 -4884.113196
27.384615 1.256410 -4880.792696
27.384615 1.358974 -4878.311334
27.384615 1.461538 -4876.720043
27.384615 1.564103 -4876.073329
27.384615 1.666667 -4876.432881
27.384615 1.769231 -4877.871794
27.384615 1.871795 -4880.478393
27.384615 1.974359 -4884.358729
27.384615 2.076923 -4889.637316
27.384615 2.179487 -4896.456401
27.384615 2.282051 -4904.974743
27.384615 2.384615 -4915.367267
27.384615 2.487179 -4927.826888
27.384615 2.589744 -4942.569162
27.384615 2.692308 -4959.839178
27.384615 2.794872 -4979.918522
27.384615 2.897436 -5003.128912
27.384615 3.000000 -5029.828678
28.641026 -1.000000 -5068.188601
28.641026 -0.897436 -5055.272816
28.641026 -0.794872 -5042.796761
28.641026 -0.692308 -5030.712519
28.641026 -0.589744 -5018.984778
28.641026 -0.487179 -5007.589726
28.641026 -0.384615 -4996.514046
28.641026 -0.282051 -4985.753982
28.641026 -0.179487 -4975.314448
28.641026 -0.076923 -4965.208039
28.641026 0.025641 -4955.453921
28.641026 0.128205 -4946.076603
28.641026 0.230769 -4937.104702
28.641026 0.333333 -4928.569890
28.641026 0.435897 -4920.506187
28.641026 0.538462 -4912.949685
28.641026 0.641026 -4905.938662
28.641026 0.743590 -4899.513869
28.641026 0.846154 -4893.718702
28.641026 0.948718 -4888.599016
28.641026 1.051282 -4884.202466
28.641026 1.153846 -4880.577586
28.641026 1.256410 -4877.773048
28.641026 1.358974 -4875.837727
28.641026 1.461538 -4874.822077
28.641026 1.564103 -4874.780980
28.641026 1.666667 -4875.777679
28.641026 1.769231 -4877.887982
28.641026 1.871795 -4881.203684
28.641026 1.974359 -4885.834459
28.641026 2.076923 -4891.908017
28.641026 2.179487 -4899.569108
28.641026 2.282051 -4908.978480
28.641026 2.384615 -4920.313195
28.641026 2.487179 -4933.769440
28.641026 2.589744 -4949.568152
28.641026 2.692308 -4967.962381
28.641026 2.794872 -4989.243765
28.641026 2.897436 -5013.744404
28.641026 3.000000 -5041.830495
29.897436 -1.000000 -5060.529204
29.897436 -0.897436 -5047.679356
29.897436 -0.794872 -5035.271963
29.897436 -0.692308 -5023.261045
29.897436 -0.589744 -5011.613575
29.897436 -0.487179 -5000.308242
29.897436 -0.384615 -4989.334353
29.897436 -0.282051 -4978.690827
29.897436 -0.179487 -4968.385185
29.897436 -0.076923 -4958.432435
29.897436 0.025641 -4948.853819
29.897436 0.128205 -4939.675479
29.897436 0.230769 -4930.927207
29.897436 0.333333 -4922.641479
29.897436 0.435897 -4914.852903
29.897436 0.538462 -4907.598141
29.897436 0.641026 -4900.916141
29.897436 0.743590 -4894.848439
29.897436 0.846154 -4889.439210
29.897436 0.948718 -4884.734856
29.897436 1.051282 -4880.783140
29.897436 1.153846 -4877.632175
29.897436 1.256410 -4875.329839
29.897436 1.358974 -4873.924214
29.897436 1.461538 -4873.465478
29.897436 1.564103 -4874.009205
29.897436 1.666667 -4875.620507
29.897436 1.769231 -4878.378072
29.897436 1.871795 -4882.377126
29.897436 1.974359 -4887.730712
29.897436 2.076923 -4894.569401
29.897436 2.179487 -4903.040167
29.897436 2.282051 -4913.305682
29.897436 2.384615 -4925.545390
29.897436 2.487179 -4939.959291
29.897436 2.589744 -4956.774412
29.897436 2.692308 -4976.252377
29.897436 2.794872 -4998.695031
29.897436 2.897436 -5024.444267
29.897436 3.000000 -5053.872650
31.153846 -1.000000 -5053.316971
31.153846 -0.897436 -5040.543436
31.153846 -0.794872 -5028.214742
31.153846 -0.692308 -5016.286993
31.153846 -0.589744 -5004.729520
31.153846 -0.487179 -4993.523527
31.153846 -0.384615 -4982.660920
31.153846 -0.282051 -4972.143211
31.153846 -0.179487 -4961.980392
31.153846 -0.076923 -4952.189674
31.153846 0.025641 -4942.794102
31.153846 0.128205 -4933.821161
31.153846 0.230769 -4925.301554
31.153846 0.333333 -4917.268362
31.153846 0.435897 -4909.756687
31.153846 0.538462 -4902.803736
31.153846 0.641026 -4896.449153
31.153846 0.743590 -4890.735266
31.153846 0.846154 -4885.706961
31.153846 0.948718 -4881.411034
31.153846 1.051282 -4877.895145
31.153846 1.153846 -4875.206803
31.153846 1.256410 -4873.393010
31.153846 1.358974 -4872.501139
31.153846 1.461538 -4872.581328
31.153846 1.564103 -4873.690153
31.153846 1.666667 -4875.894851
31.153846 1.769231 -4879.277092
31.153846 1.871795 -4883.935420
31.153846 1.974359 -4889.985991
31.153846 2.076923 -4897.561936
31.153846 2.179487 -4906.812260
31.153846 2.282051 -4917.901596
31.153846 2.384615 -4931.012084
31.153846 2.487179 -4946.348113
31.153846 2.589744 -4964.143456
31.153846 2.692308 -4984.668773
31.153846 2.794872 -5008.236068
31.153846 2.897436 -5035.196211
31.153846 3.000000 -5065.926490
32.410256 -1.000000 -5046.514518
32.410256 -0.897436 -5033.826197
32.410256 -0.794872 -5021.584820
32.410256 -0.692308 -5009.748704
32.410256 -0.589744 -4998.289589
32.410256 -0.487179 -4987.191205
32.410256 -0.384615 -4976.448016
32.410256 -0.282051 -4966.064041
32.410256 -0.179487 -4956.051581
32.410256 -0.076923 -4946.429830
32.410256 0.025641 -4937.223374
32.410256 0.128205 -4928.460772
32.410256 0.230769 -4920.173418
32.410256 0.333333 -4912.394865
32.410256 0.435897 -4905.160659
32.410256 0.538462 -4898.508579
32.410256 0.641026 -4892.478996
32.410256 0.743590 -4887.115019
32.410256 0.846154 -4882.462153
32.410256 0.948718 -4878.567414
32.410256 1.051282 -4875.478158
32.410256 1.153846 -4873.241133
32.410256 1.256410 -4871.902437
32.410256 1.358974 -4871.508866
32.410256 1.461538 -4872.110773
32.410256 1.564103 -4873.766025
32.410256 1.666667 -4876.544186
32.410256 1.769231 -4880.529937
32.410256 1.871795 -4885.824993
32.410256 1.974359 -4892.548367
32.410256 2.076923 -4900.835500
32.410256 2.179487 -4910.837315
32.410256 2.282051 -4922.720520
32.410256 2.384615 -4936.670332
32.410256 2.487179 -4952.896098
32.410256 2.589744 -4971.638919
32.410256 2.692308 -4993.178807
32.410256 2.794872 -5017.837676
32.410256 2.897436 -5045.974378
32.410256 3.000000 -5077.969172
33.666667 -1.000000 -5040.089135
33.666667 -0.897436 -5027.493581
33.666667 -0.794872 -5015.346862
33.666667 -0.692308 -5003.609603
33.666667 -0.589744 -4992.255996
33.666667 -0.487179 -4981.272289
33.666667 -0.384615 -4970.655461
33.666667 -0.282051 -4960.411926
33.666667 -0.179487 -4950.556128
33.666667 -0.076923 -4941.109010
33.666667 0.025641 -4932.096446
33.666667 0.128205 -4923.547838
33.666667 0.230769 -4915.495100
33.666667 0.333333 -4907.972174
33.666667 0.435897 -4901.015051
33.666667 0.538462 -4894.662123
33.666667 0.641026 -4888.954521
33.666667 0.743590 -4883.936100
33.666667 0.846154 -4879.652865
33.666667 0.948718 -4876.151868
33.666667 1.051282 -4873.479964
33.666667 1.153846 -4871.683028
33.666667 1.256410 -4870.806277
33.666667 1.358974 -4870.896095
33.666667 1.461538 -4872.003316
33.666667 1.564103 -4874.187351
33.666667 1.666667 -4877.520235
33.666667 1.769231 -4882.089638
33.666667 1.871795 -4888.000275
33.666667 1.974359 -4895.373775
33.666667 2.076923 -4904.347696
33.666667 2.179487 -4915.074835
33.666667 2.282051 -4927.724158
33.666667 2.384615 -4942.484371
33.666667 2.487179 -4959.570334
33.666667 2.589744 -4979.230972
33.666667 2.692308 -5001.755811
33.666667 2.794872 -5027.476250
33.666667 2.897436 -5056.757976
33.666667 3.000000 -5089.982409
34.923077 -1.000000 -5034.011924
34.923077 -0.897436 -5021.515486
34.923077 -0.794872 -5009.469623
34.923077 -0.692308 -4997.837346
34.923077 -0.589744 -4986.595325
34.923077 -0.487179 -4975.732311
34.923077 -0.384615 -4965.247735
34.923077 -0.282051 -4955.150281
34.923077 -0.179487 -4945.456350
34.923077 -0.076923 -4936.188409
34.923077 0.025641 -4927.373383
34.923077 0.128205 -4919.041320
34.923077 0.230769 -4911.224534
34.923077 0.333333 -4903.957317
34.923077 0.435897 -4897.276141
34.923077 0.538462 -4891.220061
34.923077 0.641026 -4885.830984
34.923077 0.743590 -4881.153455
34.923077 0.846154 -4877.233831
34.923077 0.948718 -4874.119007
34.923077 1.051282 -4871.855171
34.923077 1.153846 -4870.487248
34.923077 1.256410 -4870.059638
34.923077 1.358974 -4870.618514
34.923077 1.461538 -4872.215443
34.923077 1.564103 -4874.911598
34.923077 1.666667 -4878.781575
34.923077 1.769231 -4883.915973
34.923077 1.871795 -4890.422323
34.923077 1.974359 -4898.424657
34.923077 2.076923 -4908.062509
34.923077 2.179487 -4919.490572
34.923077 2.282051 -4932.880299
34.923077 2.384615 -4948.424322
34.923077 2.487179 -4966.343532
34.923077 2.589744 -4986.895078
34.923077 2.692308 -5010.378014
34.923077 2.794872 -5037.132643
34.923077 2.897436 -5067.530224
34.923077 3.000000 -5101.951510
36.179487 -1.000000 -5028.257144
36.179487 -0.897436 -5015.865103
36.179487 -0.794872 -5003.925289
36.179487 -0.692308 -4992.403156
36.179487 -0.589744 -4981.277860
36.179487 -0.487179 -4970.540631
36.179487 -0.384615 -4960.193269
36.179487 -0.282051 -4950.246593
36.179487 -0.179487 -4940.718767
36.179487 -0.076923 -4931.633559
36.179487 0.025641 -4923.018734
36.179487 0.128205 -4914.904827
36.179487 0.230769 -4907.324475
36.179487 0.333333 -4900.312330
36.179487 0.435897 -4893.905388
36.179487 0.538462 -4888.143421
36.179487 0.641026 -4883.069107
36.179487 0.743590 -4878.727592
36.179487 0.846154 -4875.165425
36.179487 0.948718 -4872.429153
36.179487 1.051282 -4870.564155
36.179487 1.153846 -4869.614372
36.179487 1.256410 -4869.623492
36.179487 1.358974 -4870.637687
36.179487 1.461538 -4872.709499
36.179487 1.564103 -4875.902037
36.179487 1.666667 -4880.292509
36.179487 1.769231 -4885.974345
36.179487 1.871795 -4893.057715
36.179487 1.974359 -4901.668873
36.179487 2.076923 -4911.949234
36.179487 2.179487 -4924.055462
36.179487 2.282051 -4938.161768
36.179487 2.384615 -4954.465148
36.179487 2.487179 -4973.193002
36.179487 2.589744 -4994.610997
36.179487 2.692308 -5019.027593
36.179487 2.794872 -5046.791277
36.179487 2.897436 -5078.277537
36.179487 3.000000 -5113.864639
37.435897 -1.000000 -5022.801708
37.435897 -0.897436 -5010.518411
37.435897 -0.794872 -4998.688960
37.435897 -0.692308 -4987.281287
37.435897 -0.589744 -4976.277037
37.435897 -0.487179 -4965.669875
37.435897 -0.384615 -4955.463875
37.435897 -0.282051 -4945.671841
37.435897 -0.179487 -4936.313502
37.435897 -0.076923 -4927.413715
37.435897 0.025641 -4919.000902
37.435897 0.128205 -4911.105971
37.435897 0.230769 -4903.761845
37.435897 0.333333 -4897.003561
37.435897 0.435897 -4890.868709
37.435897 0.538462 -4885.397811
37.435897 0.641026 -4880.634288
37.435897 0.743590 -4876.623774
37.435897 0.846154 -4873.412833
37.435897 0.948718 -4871.047491
37.435897 1.051282 -4869.572200
37.435897 1.153846 -4869.029926
37.435897 1.256410 -4869.463781
37.435897 1.358974 -4870.920152
37.435897 1.461538 -4873.452775
37.435897 1.564103 -4877.126833
37.435897 1.666667 -4882.022151
37.435897 1.769231 -4888.234881
37.435897 1.871795 -4895.877661
37.435897 1.974359 -4905.078815
37.435897 2.076923 -4915.981600
37.435897 2.179487 -4928.744760
37.435897 2.282051 -4943.545570
37.435897 2.384615 -4960.585818
37.435897 2.487179 -4980.099834
37.435897 2.589744 -5002.362000
37.435897 2.692308 -5027.689925
37.435897 2.794872 -5056.439448
37.435897 2.897436 -5088.988886
37.435897 3.000000 -5125.712243
38.692308 -1.000000 -5017.624790
38.692308 -0.897436 -5005.453771
38.692308 -0.794872 -4993.738230
38.692308 -0.692308 -4982.448602
38.692308 -0.589744 -4971.569005
38.692308 -0.487179 -4961.095483
38.692308 -0.384615 -4951.034276
38.692308 -0.282051 -4941.400011
38.692308 -0.179487 -4932.213785
38.692308 -0.076923 -4923.501349
38.692308 0.025641 -4915.291635
38.692308 0.128205 -4907.615839
38.692308 0.230769 -4900.507169
38.692308 0.333333 -4894.001102
38.692308 0.435897 -4888.135877
38.692308 0.538462 -4882.952789
38.692308 0.641026 -4878.495947
38.692308 0.743590 -4874.811336
38.692308 0.846154 -4871.945361
38.692308 0.948718 -4869.943358
38.692308 1.051282 -4868.848777
38.692308 1.153846 -4868.703654
38.692308 1.256410 -4869.550680
38.692308 1.358974 -4871.436673
38.692308 1.461538 -4874.416756
38.692308 1.564103 -4878.558286
38.692308 1.666667 -4883.943679
38.692308 1.769231 -4890.671690
38.692308 1.871795 -4898.857268
38.692308 1.974359 -4908.630697
38.692308 2.076923 -4920.137061
38.692308 2.179487 -4933.537345
38.692308 2.282051 -4949.012202
38.692308 2.384615 -4966.768627
38.692308 2.487179 -4987.048243
38.692308 2.589744 -5010.134233
38.692308 2.692308 -5036.352990
38.692308 2.794872 -5066.066774
38.692308 2.897436 -5099.655299
38.692308 3.000000 -5137.486602
39.948718 -1.000000 -5012.707511
39.948718 -0.897436 -5000.651600
39.948718 -0.794872 -4989.052857
39.948718 -0.692308 -4977.884222
39.948718 -0.589744 -4967.132265
39.948718 -0.487179 -4956.795335
39.948718 -0.384615 -4946.881720
39.948718 -0.282051 -4937.407697
39.948718 -0.179487 -4928.395544
39.948718 -0.076923 -4919.871736
39.948718 0.025641 -4911.865588
39.948718 0.128205 -4904.408545
39.948718 0.230769 -4897.534120
39.948718 0.333333 -4891.278295
39.948718 0.435897 -4885.680010
39.948718 0.538462 -4880.781331
39.948718 0.641026 -4876.626973
39.948718 0.743590 -4873.263125
39.948718 0.846154 -4870.735850
39.948718 0.948718 -4869.089660
39.948718 1.051282 -4868.366956
39.948718 1.153846 -4868.608917
39.948718 1.256410 -4869.857987
39.948718 1.358974 -4872.161623
39.948718 1.461538 -4875.576498
39.948718 1.564103 -4880.172209
39.948718 1.666667 -4886.033717
39.948718 1.769231 -4893.262256
39.948718 1.871795 -4901.974951
39.948718 1.974359 -4912.303956
39.948718 2.076923 -4924.396219
39.948718 2.179487 -4938.415142
39.948718 2.282051 -4954.545086
39.948718 2.384615 -4972.998646
39.948718 2.487179 -4994.025027
39.948718 2.589744 -5017.916209
39.948718 2.692308 -5045.006891
39.948718 2.794872 -5075.664752
39.948718 2.897436 -5110.269468
39.948718 3.000000 -5149.181486
41.205128 -1.000000 -5008.032687
41.205128 -0.897436 -4996.094111
41.205128 -0.794872 -4984.614480
41.205128 -0.692308 -4973.569240
41.205128 -0.589744 -4962.947368
41.205128 -0.487179 -4952.749439
41.205128 -0.384615 -4942.985655
41.205128 -0.282051 -4933.673774
41.205128 -0.179487 -4924.837072
41.205128 -0.076923 -4916.502599
41.205128 0.025641 -4908.699968
41.205128 0.128205 -4901.460856
41.205128 0.230769 -4894.819125
41.205128 0.333333 -4888.811325
41.205128 0.435897 -4883.477139
41.205128 0.538462 -4878.859378
41.205128 0.641026 -4875.003262
41.205128 0.743590 -4871.955018
41.205128 0.846154 -4869.760202
41.205128 0.948718 -4868.462382
41.205128 1.051282 -4868.102902
41.205128 1.153846 -4868.722185
41.205128 1.256410 -4870.362610
41.205128 1.358974 -4873.072465
41.205128 1.461538 -4876.910111
41.205128 1.564103 -4881.947416
41.205128 1.666667 -4888.271829
41.205128 1.769231 -4895.986939
41.205128 1.871795 -4905.211930
41.205128 1.974359 -4916.080774
41.205128 2.076923 -4928.742340
41.205128 2.179487 -4943.362653
41.205128 2.282051 -4960.130109
41.205128 2.384615 -4979.263267
41.205128 2.487179 -5001.019135
41.205128 2.589744 -5025.698391
41.205128 2.692308 -5053.643469
41.205128 2.794872 -5085.226414
41.205128 2.897436 -5120.825436
41.205128 3.000000 -5160.791872
42.461538 -1.000000 -5003.584622
42.461538 -0.897436 -4991.765090
42.461538 -0.794872 -4980.406398
42.461538 -0.692308 -4969.486477
42.461538 -0.589744 -4958.996667
42.461538 -0.487179 -4948.939672
42.461538 -0.384615 -4939.327464
42.461538 -0.282051 -4930.179114
42.461538 -0.179487 -4921.518734
42.461538 -0.076923 -4913.373821
42.461538 0.025641 -4905.774229
42.461538 0.128205 -4898.751874
42.461538 0.230769 -4892.341028
42.461538 0.333333 -4886.578867
42.461538 0.435897 -4881.505841
42.461538 0.538462 -4877.165458
42.461538 0.641026 -4873.603318
42.461538 0.743590 -4870.865521
42.461538 0.846154 -4868.996959
42.461538 0.948718 -4868.040171
42.461538 1.051282 -4868.035461
42.461538 1.153846 -4869.022618
42.461538 1.256410 -4871.044140
42.461538 1.358974 -4874.149323
42.461538 1.461538 -4878.398323
42.461538 1.564103 -4883.865292
42.461538 1.666667 -4890.640092
42.461538 1.769231 -4898.828557
42.461538 1.871795 -4908.551830
42.461538 1.974359 -4919.945671
42.461538 2.076923 -4933.160959
42.461538 2.179487 -4948.366561
42.461538 2.282051 -4965.755237
42.461538 2.384615 -4985.551828
42.461538 2.487179 -5008.021307
42.461538 2.589744 -5033.472853
42.461538 2.692308 -5062.255993
42.461538 2.794872 -5094.746043
42.461538 2.897436 -5131.318349
42.461538 3.000000 -5172.313729
43.717949 -1.000000 -4999.348938
43.717949 -0.897436 -4987.649718
43.717949 -0.794872 -4976.413368
43.717949 -0.692308 -4965.620284
43.717949 -0.589744 -4955.264102
43.717949 -0.487179 -4945.349553
43.717949 -0.384615 -4935.890231
43.717949 -0.282051 -4926.906356
43.717949 -0.179487 -4918.422728
43.717949 -0.076923 -4910.467190
43.717949 0.025641 -4903.069806
43.717949 0.128205 -4896.262763
43.717949 0.230769 -4890.080803
43.717949 0.333333 -4884.561784
43.717949 0.435897 -4879.746921
43.717949 0.538462 -4875.680352
43.717949 0.641026 -4872.407918
43.717949 0.743590 -4869.975428
43.717949 0.846154 -4868.426968
43.717949 0.948718 -4867.803990
43.717949 1.051282 -4868.145805
43.717949 1.153846 -4869.491706
43.717949 1.256410 -4871.884490
43.717949 1.358974 -4875.374618
43.717949 1.461538 -4880.024123
43.717949 1.564103 -4885.909436
43.717949 1.666667 -4893.122750
43.717949 1.769231 -4901.772041
43.717949 1.871795 -4911.980332
43.717949 1.974359 -4923.885170
43.717949 2.076923 -4937.639547
43.717949 2.179487 -4953.415410
43.717949 2.282051 -4971.410195
43.717949 2.384615 -4991.855313
43.717949 2.487179 -5015.023781
43.717949 2.589744 -5041.233012
43.717949 2.692308 -5070.838911
43.717949 2.794872 -5104.218948
43.717949 2.897436 -5141.744256
43.717949 3.000000 -5183.743843
44.974359 -1.000000 -4995.312432
44.974359 -0.897436 -4983.734412
44.974359 -0.794872 -4972.621451
44.974359 -0.692308 -4961.956367
44.974359 -0.589744 -4951.735024
44.974359 -0.487179 -4941.964061
44.974359 -0.384615 -4932.658551
44.974359 -0.282051 -4923.839703
44.974359 -0.179487 -4915.532875
44.974359 -0.076923 -4907.766185
44.974359 0.025641 -4900.569897
44.974359 0.128205 -4893.976513
44.974359 0.230769 -4888.021308
44.974359 0.333333 -4882.742862
44.974359 0.435897 -4878.183141
44.974359 0.538462 -4874.386817
44.974359 0.641026 -4871.399828
44.974359 0.743590 -4869.267529
44.974359 0.846154 -4868.033082
44.974359 0.948718 -4867.736822
44.974359 1.051282 -4868.417133
44.974359 1.153846 -4870.112966
44.974359 1.256410 -4872.867587
44.974359 1.358974 -4876.732760
44.974359 1.461538 -4881.772456
44.974359 1.564103 -4888.065357
44.974359 1.666667 -4895.705910
44.974359 1.769231 -4904.804140
44.974359 1.871795 -4915.484892
44.974359 1.974359 -4927.887514
44.974359 2.076923 -4942.167239
44.974359 2.179487 -4958.499332
44.974359 2.282051 -4977.086207
44.974359 2.384615 -4998.166086
44.974359 2.487179 -5022.020049
44.974359 2.589744 -5048.973393
44.974359 2.692308 -5079.387638
44.974359 2.794872 -5113.641284
44.974359 2.897436 -5152.099953
44.974359 3.000000 -5195.079678
46.230769 -1.000000 -4991.462947
46.230769 -0.897436 -4980.006700
46.230769 -0.794872 -4969.017863
46.230769 -0.692308 -4958.481637
46.230769 -0.589744 -4948.396031
46.230769 -0.487179 -4938.769471
46.230769 -0.384615 -4929.618359
46.230769 -0.282051 -4920.964749
46.230769 -0.179487 -4912.834446
46.230769 -0.076923 -4905.255794
46.230769 0.025641 -4898.259267
46.230769 0.128205 -4891.877735
46.230769 0.230769 -4886.147067
46.230769 0.333333 -4881.106592
46.230769 0.435897 -4876.798984
46.230769 0.538462 -4873.269345
46.230769 0.641026 -4870.563554
46.230769 0.743590 -4868.726363
46.230769 0.846154 -4867.799912
46.230769 0.948718 -4867.823413
46.230769 1.051282 -4868.834418
46.230769 1.153846 -4870.871686
46.230769 1.256410 -4873.979115
46.230769 1.358974 -4878.209891
46.230769 1.461538 -4883.629958
46.230769 1.564103 -4890.320220
46.230769 1.666667 -4898.377298
46.230769 1.769231 -4907.913183
46.230769 1.871795 -4919.054499
46.230769 1.974359 -4931.942431
46.230769 2.076923 -4946.734593
46.230769 2.179487 -4963.609814
46.230769 2.282051 -4982.775770
46.230769 2.384615 -5004.477685
46.230769 2.487179 -5029.004655
46.230769 2.589744 -5056.689450
46.230769 2.692308 -5087.898397
46.230769 2.794872 -5123.009905
46.230769 2.897436 -5162.382852
46.230769 3.000000 -5206.319262
47.487179 -1.000000 -4987.789273
47.487179 -0.897436 -4976.455099
47.487179 -0.794872 -4965.590861
47.487179 -0.692308 -4955.184088
47.487179 -0.589744 -4945.234845
47.487179 -0.487179 -4935.753217
47.487179 -0.384615 -4926.756790
47.487179 -0.282051 -4918.268332
47.487179 -0.179487 -4910.314006
47.487179 -0.076923 -4902.922351
47.487179 0.025641 -4896.124078
47.487179 0.128205 -4889.952485
47.487179 0.230769 -4884.444085
47.487179 0.333333 -4879.638964
47.487179 0.435897 -4875.580450
47.487179 0.538462 -4872.313950
47.487179 0.641026 -4869.885132
47.487179 0.743590 -4868.338003
47.487179 0.846154 -4867.713612
47.487179 0.948718 -4868.050065
47.487179 1.051282 -4869.384187
47.487179 1.153846 -4871.754702
47.487179 1.256410 -4875.206292
47.487179 1.358974 -4879.793658
47.487179 1.461538 -4885.584746
47.487179 1.564103 -4892.662634
47.487179 1.666667 -4901.126043
47.487179 1.769231 -4911.088863
47.487179 1.871795 -4922.679467
47.487179 1.974359 -4936.040930
47.487179 2.076923 -4951.333402
47.487179 2.179487 -4968.739515
47.487179 2.282051 -4988.472469
47.487179 2.384615 -5010.784641
47.487179 2.487179 -5035.973031
47.487179 2.589744 -5064.377411
47.487179 2.692308 -5096.368077
47.487179 2.794872 -5132.322242
47.487179 2.897436 -5172.590879
47.487179 3.000000 -5217.461097
48.743590 -1.000000 -4984.281050
48.743590 -0.897436 -4973.069022
48.743590 -0.794872 -4962.329634
48.743590 -0.692308 -4952.052683
48.743590 -0.589744 -4942.240188
48.743590 -0.487179 -4932.903768
48.743590 -0.384615 -4924.062053
48.743590 -0.282051 -4915.738406
48.743590 -0.179487 -4907.959279
48.743590 -0.076923 -4900.753395
48.743590 0.025641 -4894.151742
48.743590 0.128205 -4888.188103
48.743590 0.230769 -4882.899681
48.743590 0.333333 -4878.327305
48.743590 0.435897 -4874.514881
48.743590 0.538462 -4871.507993
48.743590 0.641026 -4869.351945
48.743590 0.743590 -4868.089878
48.743590 0.846154 -4867.761697
48.743590 0.948718 -4868.404442
48.743590 1.051282 -4870.054333
48.743590 1.153846 -4872.750212
48.743590 1.256410 -4876.537680
48.743590 1.358974 -4881.473033
48.743590 1.461538 -4887.626225
48.743590 1.564103 -4895.082464
48.743590 1.666667 -4903.942501
48.743590 1.769231 -4914.322065
48.743590 1.871795 -4926.351269
48.743590 1.974359 -4940.175137
48.743590 2.076923 -4955.956518
48.743590 2.179487 -4973.882093
48.743590 2.282051 -4994.170820
48.743590 2.384615 -5017.082328
48.743590 2.487179 -5042.921354
48.743590 2.589744 -5072.034150
48.743590 2.692308 -5104.794122
48.743590 2.794872 -5141.576206
48.743590 2.897436 -5182.722386
48.743590 3.000000 -5228.504081
50.000000 -1.000000 -4980.928693
50.000000 -0.897436 -4969.838692
50.000000 -0.794872 -4959.224214
50.000000 -0.692308 -4949.077254
50.000000 -0.589744 -4939.401685
50.000000 -0.487179 -4930.210526
50.000000 -0.384615 -4921.523321
50.000000 -0.282051 -4913.363928
50.000000 -0.179487 -4905.759034
50.000000 -0.076923 -4898.737552
50.000000 0.025641 -4892.330793
50.000000 0.128205 -4886.573084
50.000000 0.230769 -4881.502343
50.000000 0.333333 -4877.160120
50.000000 0.435897 -4873.590808
50.000000 0.538462 -4870.840026
50.000000 0.641026 -4868.952570
50.000000 0.743590 -4867.970611
50.000000 0.846154 -4867.932881
50.000000 0.948718 -4868.875417
50.000000 1.051282 -4870.833957
50.000000 1.153846 -4873.847611
50.000000 1.256410 -4877.963021
50.000000 1.358974 -4883.238142
50.000000 1.461538 -4889.744931
50.000000 1.564103 -4897.570678
50.000000 1.666667 -4906.818100
50.000000 1.769231 -4917.604717
50.000000 1.871795 -4930.062378
50.000000 1.974359 -4944.338140
50.000000 2.076923 -4960.597720
50.000000 2.179487 -4979.032076
50.000000 2.282051 -4999.866137
50.000000 2.384615 -5023.366839
50.000000 2.487179 -5049.846431
50.000000 2.589744 -5079.657084
50.000000 2.692308 -5113.174439
50.000000 2.794872 -5150.770110
50.000000 2.897436 -5192.776090
50.000000 3.000000 -5239.447454