1.000000 -1.000000 -5625.038604
1.000000 -0.897436 -5624.963166
1.000000 -0.794872 -5624.883355
1.000000 -0.692308 -5624.798799
1.000000 -0.589744 -5624.709089
1.000000 -0.487179 -5624.613772
1.000000 -0.384615 -5624.512346
1.000000 -0.282051 -5624.404255
1.000000 -0.179487 -5624.288882
1.000000 -0.076923 -5624.165543
1.000000 0.025641 -5624.033472
1.000000 0.128205 -5623.891819
1.000000 0.230769 -5623.739632
1.000000 0.333333 -5623.575847
1.000000 0.435897 -5623.399272
1.000000 0.538462 -5623.208568
1.000000 0.641026 -5623.002230
1.000000 0.743590 -5622.778560
1.000000 0.846154 -5622.535643
1.000000 0.948718 -5622.271314
1.000000 1.051282 -5621.983117
1.000000 1.153846 -5621.668263
1.000000 1.256410 -5621.323583
1.000000 1.358974 -5620.945458
1.000000 1.461538 -5620.529757
1.000000 1.564103 -5620.071751
1.000000 1.666667 -5619.566013
1.000000 1.769231 -5619.006306
1.000000 1.871795 -5618.385447
1.000000 1.974359 -5617.695147
1.000000 2.076923 -5616.925821
1.000000 2.179487 -5616.066372
1.000000 2.282051 -5615.103924
1.000000 2.384615 -5614.023522
1.000000 2.487179 -5612.807771
1.000000 2.589744 -5611.436422
1.000000 2.692308 -5609.885886
1.000000 2.794872 -5608.128683
1.000000 2.897436 -5606.132804
1.000000 3.000000 -5603.861008
2.256410 -1.000000 -5612.657838
2.256410 -0.897436 -5612.294327
2.256410 -0.794872 -5611.911912
2.256410 -0.692308 -5611.509041
2.256410 -0.589744 -5611.084005
2.256410 -0.487179 -5610.634923
2.256410 -0.384615 -5610.159717
2.256410 -0.282051 -5609.656096
2.256410 -0.179487 -5609.121524
2.256410 -0.076923 -5608.553196
2.256410 0.025641 -5607.948002
2.256410 0.128205 -5607.302490
2.256410 0.230769 -5606.612829
2.256410 0.333333 -5605.874754
2.256410 0.435897 -5605.083516
2.256410 0.538462 -5604.233819
2.256410 0.641026 -5603.319752
2.256410 0.743590 -5602.334706
2.256410 0.846154 -5601.271288
2.256410 0.948718 -5600.121214
2.256410 1.051282 -5598.875194
2.256410 1.153846 -5597.522801
2.256410 1.256410 -5596.052320
2.256410 1.358974 -5594.450579
2.256410 1.461538 -5592.702760
2.256410 1.564103 -5590.792185
2.256410 1.666667 -5588.700083
2.256410 1.769231 -5586.405324
2.256410 1.871795 -5583.884135
2.256410 1.974359 -5581.109797
2.256410 2.076923 -5578.052313
2.256410 2.179487 -5574.678082
2.256410 2.282051 -5570.949561
2.256410 2.384615 -5566.824965
2.256410 2.487179 -5562.258012
2.256410 2.589744 -5557.197767
2.256410 2.692308 -5551.588640
2.256410 2.794872 -5545.370622
2.256410 2.897436 -5538.479856
2.256410 3.000000 -5530.849694
3.512821 -1.000000 -5595.246106
3.512821 -0.897436 -5594.433457
3.512821 -0.794872 -5593.586148
3.512821 -0.692308 -5592.701395
3.512821 -0.589744 -5591.776144
3.512821 -0.487179 -5590.807035
3.512821 -0.384615 -5589.790379
3.512821 -0.282051 -5588.722108
3.512821 -0.179487 -5587.597747
3.512821 -0.076923 -5586.412356
3.512821 0.025641 -5585.160485
3.512821 0.128205 -5583.836117
3.512821 0.230769 -5582.432596
3.512821 0.333333 -5580.942567
3.512821 0.435897 -5579.357887
3.512821 0.538462 -5577.669540
3.512821 0.641026 -5575.867542
3.512821 0.743590 -5573.940829
3.512821 0.846154 -5571.877147
3.512821 0.948718 -5569.662914
3.512821 1.051282 -5567.283089
3.512821 1.153846 -5564.721022
3.512821 1.256410 -5561.958293
3.512821 1.358974 -5558.974547
3.512821 1.461538 -5555.747330
3.512821 1.564103 -5552.251915
3.512821 1.666667 -5548.461145
3.512821 1.769231 -5544.345285
3.512821 1.871795 -5539.871912
3.512821 1.974359 -5535.005846
3.512821 2.076923 -5529.709156
3.512821 2.179487 -5523.941267
3.512821 2.282051 -5517.659213
3.512821 2.384615 -5510.818093
3.512821 2.487179 -5503.371790
3.512821 2.589744 -5495.274065
3.512821 2.692308 -5486.480130
3.512821 2.794872 -5476.948856
3.512821 2.897436 -5466.645780
3.512821 3.000000 -5455.547112
4.769231 -1.000000 -5576.552524
4.769231 -0.897436 -5575.194365
4.769231 -0.794872 -5573.793286
4.769231 -0.692308 -5572.345606
4.769231 -0.589744 -5570.847284
4.769231 -0.487179 -5569.293880
4.769231 -0.384615 -5567.680514
4.769231 -0.282051 -5566.001819
4.769231 -0.179487 -5564.251886
4.769231 -0.076923 -5562.424209
4.769231 0.025641 -5560.511624
4.769231 0.128205 -5558.506237
4.769231 0.230769 -5556.399353
4.769231 0.333333 -5554.181392
4.769231 0.435897 -5551.841810
4.769231 0.538462 -5549.369000
4.769231 0.641026 -5546.750201
4.769231 0.743590 -5543.971397
4.769231 0.846154 -5541.017214
4.769231 0.948718 -5537.870814
4.769231 1.051282 -5534.513802
4.769231 1.153846 -5530.926121
4.769231 1.256410 -5527.085977
4.769231 1.358974 -5522.969765
4.769231 1.461538 -5518.552030
4.769231 1.564103 -5513.805452
4.769231 1.666667 -5508.700889
4.769231 1.769231 -5503.207468
4.769231 1.871795 -5497.292768
4.769231 1.974359 -5490.923106
4.769231 2.076923 -5484.063972
4.769231 2.179487 -5476.680654
4.769231 2.282051 -5468.739137
4.769231 2.384615 -5460.207343
4.769231 2.487179 -5451.056863
4.769231 2.589744 -5441.265302
4.769231 2.692308 -5430.819423
4.769231 2.794872 -5419.719253
4.769231 2.897436 -5407.983267
4.769231 3.000000 -5395.654613
6.025641 -1.000000 -5558.510873
6.025641 -0.897436 -5556.577845
6.025641 -0.794872 -5554.605237
6.025641 -0.692308 -5552.588542
6.025641 -0.589744 -5550.522820
6.025641 -0.487179 -5548.402655
6.025641 -0.384615 -5546.222106
6.025641 -0.282051 -5543.974645
6.025641 -0.179487 -5541.653106
6.025641 -0.076923 -5539.249621
6.025641 0.025641 -5536.755548
6.025641 0.128205 -5534.161411
6.025641 0.230769 -5531.456820
6.025641 0.333333 -5528.630403
6.025641 0.435897 -5525.669730
6.025641 0.538462 -5522.561241
6.025641 0.641026 -5519.290179
6.025641 0.743590 -5515.840524
6.025641 0.846154 -5512.194945
6.025641 0.948718 -5508.334757
6.025641 1.051282 -5504.239897
6.025641 1.153846 -5499.888925
6.025641 1.256410 -5495.259051
6.025641 1.358974 -5490.326193
6.025641 1.461538 -5485.065076
6.025641 1.564103 -5479.449391
6.025641 1.666667 -5473.452001
6.025641 1.769231 -5467.045252
6.025641 1.871795 -5460.201377
6.025641 1.974359 -5452.893073
6.025641 2.076923 -5445.094292
6.025641 2.179487 -5436.781342
6.025641 2.282051 -5427.934414
6.025641 2.384615 -5418.539692
6.025641 2.487179 -5408.592193
6.025641 2.589744 -5398.099531
6.025641 2.692308 -5387.086662
6.025641 2.794872 -5375.601604
6.025641 2.897436 -5363.721787
6.025641 3.000000 -5351.560437
7.282051 -1.000000 -5541.738910
7.282051 -0.897436 -5539.265492
7.282051 -0.794872 -5536.766336
7.282051 -0.692308 -5534.235686
7.282051 -0.589744 -5531.667307
7.282051 -0.487179 -5529.054431
7.282051 -0.384615 -5526.389703
7.282051 -0.282051 -5523.665125
7.282051 -0.179487 -5520.871993
7.282051 -0.076923 -5518.000839
7.282051 0.025641 -5515.041372
7.282051 0.128205 -5511.982419
7.282051 0.230769 -5508.811868
7.282051 0.333333 -5505.516621
7.282051 0.435897 -5502.082552
7.282051 0.538462 -5498.494472
7.282051 0.641026 -5494.736110
7.282051 0.743590 -5490.790114
7.282051 0.846154 -5486.638060
7.282051 0.948718 -5482.260495
7.282051 1.051282 -5477.636995
7.282051 1.153846 -5472.746255
7.282051 1.256410 -5467.566207
7.282051 1.358974 -5462.074169
7.282051 1.461538 -5456.247040
7.282051 1.564103 -5450.061542
7.282051 1.666667 -5443.494546
7.282051 1.769231 -5436.523503
7.282051 1.871795 -5429.127047
7.282051 1.974359 -5421.285845
7.282051 2.076923 -5412.983813
7.282051 2.179487 -5404.209818
7.282051 2.282051 -5394.960048
7.282051 2.384615 -5385.241212
7.282051 2.487179 -5375.074670
7.282051 2.589744 -5364.501514
7.282051 2.692308 -5353.588344
7.282051 2.794872 -5342.433232
7.282051 2.897436 -5331.171011
7.282051 3.000000 -5319.976866
8.538462 -1.000000 -5526.323556
8.538462 -0.897436 -5523.390706
8.538462 -0.794872 -5520.452004
8.538462 -0.692308 -5517.499743
8.538462 -0.589744 -5514.525747
8.538462 -0.487179 -5511.521319
8.538462 -0.384615 -5508.477177
8.538462 -0.282051 -5505.383402
8.538462 -0.179487 -5502.229383
8.538462 -0.076923 -5499.003770
8.538462 0.025641 -5495.694424
8.538462 0.128205 -5492.288390
8.538462 0.230769 -5488.771862
8.538462 0.333333 -5485.130174
8.538462 0.435897 -5481.347804
8.538462 0.538462 -5477.408383
8.538462 0.641026 -5473.294742
8.538462 0.743590 -5468.988961
8.538462 0.846154 -5464.472449
8.538462 0.948718 -5459.726040
8.538462 1.051282 -5454.730107
8.538462 1.153846 -5449.464696
8.538462 1.256410 -5443.909673
8.538462 1.358974 -5438.044908
8.538462 1.461538 -5431.850489
8.538462 1.564103 -5425.307017
8.538462 1.666667 -5418.396001
8.538462 1.769231 -5411.100455
8.538462 1.871795 -5403.405757
8.538462 1.974359 -5395.300923
8.538462 2.076923 -5386.780425
8.538462 2.179487 -5377.846729
8.538462 2.282051 -5368.513697
8.538462 2.384615 -5358.810912
8.538462 2.487179 -5348.788827
8.538462 2.589744 -5338.524374
8.538462 2.692308 -5328.126365
8.538462 2.794872 -5317.739770
8.538462 2.897436 -5307.547890
8.538462 3.000000 -5297.771700
9.794872 -1.000000 -5512.231232
9.794872 -0.897436 -5508.940965
9.794872 -0.794872 -5505.665579
9.794872 -0.692308 -5502.394797
9.794872 -0.589744 -5499.117982
9.794872 -0.487179 -5495.824074
9.794872 -0.384615 -5492.501532
9.794872 -0.282051 -5489.138279
9.794872 -0.179487 -5485.721661
9.794872 -0.076923 -5482.238410
9.794872 0.025641 -5478.674624
9.794872 0.128205 -5475.015758
9.794872 0.230769 -5471.246632
9.794872 0.333333 -5467.351457
9.794872 0.435897 -5463.313879
9.794872 0.538462 -5459.117042
9.794872 0.641026 -5454.743666
9.794872 0.743590 -5450.176147
9.794872 0.846154 -5445.396655
9.794872 0.948718 -5440.387252
9.794872 1.051282 -5435.130003
9.794872 1.153846 -5429.607100
9.794872 1.256410 -5423.800996
9.794872 1.358974 -5417.694567
9.794872 1.461538 -5411.271348
9.794872 1.564103 -5404.515887
9.794872 1.666667 -5397.414293
9.794872 1.769231 -5389.955094
9.794872 1.871795 -5382.130517
9.794872 1.974359 -5373.938363
9.794872 2.076923 -5365.384611
9.794872 2.179487 -5356.486902
9.794872 2.282051 -5347.278900
9.794872 2.384615 -5337.815375
9.794872 2.487179 -5328.177562
9.794872 2.589744 -5318.478061
9.794872 2.692308 -5308.864381
9.794872 2.794872 -5299.520226
9.794872 2.897436 -5290.663990
9.794872 3.000000 -5282.544463
11.051282 -1.000000 -5499.422269
11.051282 -0.897436 -5495.875261
11.051282 -0.794872 -5492.360679
11.051282 -0.692308 -5488.865386
11.051282 -0.589744 -5485.376096
11.051282 -0.487179 -5481.879302
11.051282 -0.384615 -5478.361211
11.051282 -0.282051 -5474.807693
11.051282 -0.179487 -5471.204250
11.051282 -0.076923 -5467.535994
11.051282 0.025641 -5463.787651
11.051282 0.128205 -5459.943577
11.051282 0.230769 -5455.987798
11.051282 0.333333 -5451.904067
11.051282 0.435897 -5447.675939
11.051282 0.538462 -5443.286860
11.051282 0.641026 -5438.720256
11.051282 0.743590 -5433.959636
11.051282 0.846154 -5428.988678
11.051282 0.948718 -5423.791309
11.051282 1.051282 -5418.351784
11.051282 1.153846 -5412.654757
11.051282 1.256410 -5406.685390
11.051282 1.358974 -5400.429515
11.051282 1.461538 -5393.873935
11.051282 1.564103 -5387.006924
11.051282 1.666667 -5379.819042
11.051282 1.769231 -5372.304399
11.051282 1.871795 -5364.462504
11.051282 1.974359 -5356.300866
11.051282 2.076923 -5347.838440
11.051282 2.179487 -5339.109930
11.051282 2.282051 -5330.170734
11.051282 2.384615 -5321.102058
11.051282 2.487179 -5312.015472
11.051282 2.589744 -5303.056007
11.051282 2.692308 -5294.403015
11.051282 2.794872 -5286.268335
11.051282 2.897436 -5278.891882
11.051282 3.000000 -5272.535408
12.307692 -1.000000 -5487.853986
12.307692 -0.897436 -5484.135800
12.307692 -0.794872 -5480.462197
12.307692 -0.692308 -5476.817278
12.307692 -0.589744 -5473.185293
12.307692 -0.487179 -5469.550543
12.307692 -0.384615 -5465.897317
12.307692 -0.282051 -5462.209834
12.307692 -0.179487 -5458.472222
12.307692 -0.076923 -5454.668512
12.307692 0.025641 -5450.782654
12.307692 0.128205 -5446.798561
12.307692 0.230769 -5442.700163
12.307692 0.333333 -5438.471484
12.307692 0.435897 -5434.096725
12.307692 0.538462 -5429.560341
12.307692 0.641026 -5424.847121
12.307692 0.743590 -5419.942246
12.307692 0.846154 -5414.831326
12.307692 0.948718 -5409.500424
12.307692 1.051282 -5403.936074
12.307692 1.153846 -5398.125317
12.307692 1.256410 -5392.055809
12.307692 1.358974 -5385.716052
12.307692 1.461538 -5379.095839
12.307692 1.564103 -5372.187009
12.307692 1.666667 -5364.984649
12.307692 1.769231 -5357.488869
12.307692 1.871795 -5349.707319
12.307692 1.974359 -5341.658529
12.307692 2.076923 -5333.376069
12.307692 2.179487 -5324.913326
12.307692 2.282051 -5316.348425
12.307692 2.384615 -5307.788572
12.307692 2.487179 -5299.372977
12.307692 2.589744 -5291.273612
12.307692 2.692308 -5283.693411
12.307692 2.794872 -5276.862032
12.307692 2.897436 -5271.029896
12.307692 3.000000 -5266.461714
13.564103 -1.000000 -5477.467101
13.564103 -0.897436 -5473.642811
13.564103 -0.794872 -5469.869326
13.564103 -0.692308 -5466.128402
13.564103 -0.589744 -5462.402281
13.564103 -0.487179 -5458.673580
13.564103 -0.384615 -5454.925208
13.564103 -0.282051 -5451.140313
13.564103 -0.179487 -5447.302261
13.564103 -0.076923 -5443.394640
13.564103 0.025641 -5439.401290
13.564103 0.128205 -5435.306350
13.564103 0.230769 -5431.094328
13.564103 0.333333 -5426.750158
13.564103 0.435897 -5422.259275
13.564103 0.538462 -5417.607655
13.564103 0.641026 -5412.781842
13.564103 0.743590 -5407.768944
13.564103 0.846154 -5402.556605
13.564103 0.948718 -5397.132965
13.564103 1.051282 -5391.486639
13.564103 1.153846 -5385.606762
13.564103 1.256410 -5379.483155
13.564103 1.358974 -5373.106703
13.564103 1.461538 -5366.470035
13.564103 1.564103 -5359.568629
13.564103 1.666667 -5352.402479
13.564103 1.769231 -5344.978462
13.564103 1.871795 -5337.313507
13.564103 1.974359 -5329.438566
13.564103 2.076923 -5321.403206
13.564103 2.179487 -5313.280362
13.564103 2.282051 -5305.170597
13.564103 2.384615 -5297.205030
13.564103 2.487179 -5289.546238
13.564103 2.589744 -5282.386733
13.564103 2.692308 -5275.945092
13.564103 2.794872 -5270.460375
13.564103 2.897436 -5266.185889
13.564103 3.000000 -5263.383806
14.820513 -1.000000 -5468.181315
14.820513 -0.897436 -5464.295823
14.820513 -0.794872 -5460.461999
14.820513 -0.692308 -5456.659855
14.820513 -0.589744 -5452.870240
14.820513 -0.487179 -5449.074703
14.820513 -0.384615 -5445.255400
14.820513 -0.282051 -5441.395034
14.820513 -0.179487 -5437.476839
14.820513 -0.076923 -5433.484587
14.820513 0.025641 -5429.402615
14.820513 0.128205 -5425.215878
14.820513 0.230769 -5420.909990
14.820513 0.333333 -5416.471270
14.820513 0.435897 -5411.886759
14.820513 0.538462 -5407.144212
14.820513 0.641026 -5402.232053
14.820513 0.743590 -5397.139301
14.820513 0.846154 -5391.855479
14.820513 0.948718 -5386.370541
14.820513 1.051282 -5380.674853
14.820513 1.153846 -5374.759303
14.820513 1.256410 -5368.615597
14.820513 1.358974 -5362.236857
14.820513 1.461538 -5355.618607
14.820513 1.564103 -5348.760299
14.820513 1.666667 -5341.667484
14.820513 1.769231 -5334.354774
14.820513 1.871795 -5326.849570
14.820513 1.974359 -5319.196449
14.820513 2.076923 -5311.461776
14.820513 2.179487 -5303.737941
14.820513 2.282051 -5296.146427
14.820513 2.384615 -5288.839019
14.820513 2.487179 -5281.996719
14.820513 2.589744 -5275.826399
14.820513 2.692308 -5270.555679
14.820513 2.794872 -5266.426964
14.820513 2.897436 -5263.691946
14.820513 3.000000 -5262.608128
16.076923 -1.000000 -5459.899691
16.076923 -0.897436 -5455.980955
16.076923 -0.794872 -5452.110543
16.076923 -0.692308 -5448.267393
16.076923 -0.589744 -5444.431608
16.076923 -0.487179 -5440.584295
16.076923 -0.384615 -5436.707461
16.076923 -0.282051 -5432.783953
16.076923 -0.179487 -5428.797434
16.076923 -0.076923 -5424.732388
16.076923 0.025641 -5420.574146
16.076923 0.128205 -5416.308903
16.076923 0.230769 -5411.923745
16.076923 0.333333 -5407.406636
16.076923 0.435897 -5402.746376
16.076923 0.538462 -5397.932530
16.076923 0.641026 -5392.955305
16.076923 0.743590 -5387.805420
16.076923 0.846154 -5382.473983
16.076923 0.948718 -5376.952417
16.076923 1.051282 -5371.232504
16.076923 1.153846 -5365.306614
16.076923 1.256410 -5359.168197
16.076923 1.358974 -5352.812653
16.076923 1.461538 -5346.238677
16.076923 1.564103 -5339.450233
16.076923 1.666667 -5332.459245
16.076923 1.769231 -5325.289070
16.076923 1.871795 -5317.978636
16.076923 1.974359 -5310.586913
16.076923 2.076923 -5303.197161
16.076923 2.179487 -5295.920202
16.076923 2.282051 -5288.896037
16.076923 2.384615 -5282.293320
16.076923 2.487179 -5276.306633
16.076923 2.589744 -5271.151927
16.076923 2.692308 -5267.060904
16.076923 2.794872 -5264.275458
16.076923 2.897436 -5263.043560
16.076923 3.000000 -5263.618156
17.333333 -1.000000 -5452.516582
17.333333 -0.897436 -5448.579774
17.333333 -0.794872 -5444.685063
17.333333 -0.692308 -5440.810955
17.333333 -0.589744 -5436.937405
17.333333 -0.487179 -5433.045639
17.333333 -0.384615 -5429.118040
17.333333 -0.282051 -5425.138087
17.333333 -0.179487 -5421.090321
17.333333 -0.076923 -5416.960340
17.333333 0.025641 -5412.734801
17.333333 0.128205 -5408.401414
17.333333 0.230769 -5403.948906
17.333333 0.333333 -5399.366961
17.333333 0.435897 -5394.646106
17.333333 0.538462 -5389.777566
17.333333 0.641026 -5384.753094
17.333333 0.743590 -5379.564800
17.333333 0.846154 -5374.205031
17.333333 0.948718 -5368.666358
17.333333 1.051282 -5362.941721
17.333333 1.153846 -5357.024831
17.333333 1.256410 -5350.910901
17.333333 1.358974 -5344.597825
17.333333 1.461538 -5338.087912
17.333333 1.564103 -5331.390308
17.333333 1.666667 -5324.524167
17.333333 1.769231 -5317.522514
17.333333 1.871795 -5310.436547
17.333333 1.974359 -5303.339885
17.333333 2.076923 -5296.332071
17.333333 2.179487 -5289.540641
17.333333 2.282051 -5283.121229
17.333333 2.384615 -5277.255547
17.333333 2.487179 -5272.147483
17.333333 2.589744 -5268.017927
17.333333 2.692308 -5265.099270
17.333333 2.794872 -5263.630772
17.333333 2.897436 -5263.856271
17.333333 3.000000 -5266.025614
18.589744 -1.000000 -5445.925323
18.589744 -0.897436 -5441.976803
18.589744 -0.794872 -5438.062507
18.589744 -0.692308 -5434.161068
18.589744 -0.589744 -5430.252796
18.589744 -0.487179 -5426.319496
18.589744 -0.384615 -5422.344340
18.589744 -0.282051 -5418.311807
18.589744 -0.179487 -5414.207632
18.589744 -0.076923 -5410.018789
18.589744 0.025641 -5405.733453
18.589744 0.128205 -5401.340953
18.589744 0.230769 -5396.831679
18.589744 0.333333 -5392.196953
18.589744 0.435897 -5387.428857
18.589744 0.538462 -5382.520025
18.589744 0.641026 -5377.463444
18.589744 0.743590 -5372.252283
18.589744 0.846154 -5366.879822
18.589744 0.948718 -5361.339528
18.589744 1.051282 -5355.625358
18.589744 1.153846 -5349.732361
18.589744 1.256410 -5343.657679
18.589744 1.358974 -5337.402053
18.589744 1.461538 -5330.971954
18.589744 1.564103 -5324.382431
18.589744 1.666667 -5317.660667
18.589744 1.769231 -5310.850070
18.589744 1.871795 -5304.014482
18.589744 1.974359 -5297.241886
18.589744 2.076923 -5290.646940
18.589744 2.179487 -5284.371741
18.589744 2.282051 -5278.584570
18.589744 2.384615 -5273.476722
18.589744 2.487179 -5269.257900
18.589744 2.589744 -5266.150912
18.589744 2.692308 -5264.386724
18.589744 2.794872 -5264.201145
18.589744 2.897436 -5265.834549
18.589744 3.000000 -5269.535868
19.846154 -1.000000 -5440.024049
19.846154 -0.897436 -5436.064648
19.846154 -0.794872 -5432.130985
19.846154 -0.692308 -5428.202264
19.846154 -0.589744 -5424.259541
19.846154 -0.487179 -5420.285539
19.846154 -0.384615 -5416.264519
19.846154 -0.282051 -5412.182204
19.846154 -0.179487 -5408.025722
19.846154 -0.076923 -5403.783547
19.846154 0.025641 -5399.445435
19.846154 0.128205 -5395.002310
19.846154 0.230769 -5390.446121
19.846154 0.333333 -5385.769644
19.846154 0.435897 -5380.966260
19.846154 0.538462 -5376.029711
19.846154 0.641026 -5370.953901
19.846154 0.743590 -5365.732762
19.846154 0.846154 -5360.360267
19.846154 0.948718 -5354.830637
19.846154 1.051282 -5349.138821
19.846154 1.153846 -5343.281328
19.846154 1.256410 -5337.257506
19.846154 1.358974 -5331.071387
19.846154 1.461538 -5324.734198
19.846154 1.564103 -5318.267584
19.846154 1.666667 -5311.707431
19.846154 1.769231 -5305.107976
19.846154 1.871795 -5298.545670
19.846154 1.974359 -5292.122131
19.846154 2.076923 -5285.965571
19.846154 2.179487 -5280.230334
19.846154 2.282051 -5275.094528
19.846154 2.384615 -5270.756078
19.846154 2.487179 -5267.427808
19.846154 2.589744 -5265.332383
19.846154 2.692308 -5264.698236
19.846154 2.794872 -5265.757787
19.846154 2.897436 -5268.749295
19.846154 3.000000 -5273.923234
21.102564 -1.000000 -5434.719337
21.102564 -0.897436 -5430.746842
21.102564 -0.794872 -5426.791765
21.102564 -0.692308 -5422.834206
21.102564 -0.589744 -5418.856247
21.102564 -0.487179 -5414.841761
21.102564 -0.384615 -5410.776284
21.102564 -0.282051 -5406.646924
21.102564 -0.179487 -5402.442280
21.102564 -0.076923 -5398.152356
21.102564 0.025641 -5393.768434
21.102564 0.128205 -5389.282920
21.102564 0.230769 -5384.689131
21.102564 0.333333 -5379.981051
21.102564 0.435897 -5375.153070
21.102564 0.538462 -5370.199738
21.102564 0.641026 -5365.115594
21.102564 0.743590 -5359.895103
21.102564 0.846154 -5354.532783
21.102564 0.948718 -5349.023568
21.102564 1.051282 -5343.363481
21.102564 1.153846 -5337.550706
21.102564 1.256410 -5331.587150
21.102564 1.358974 -5325.480626
21.102564 1.461538 -5319.247711
21.102564 1.564103 -5312.917259
21.102564 1.666667 -5306.534339
21.102564 1.769231 -5300.164169
21.102564 1.871795 -5293.895420
21.102564 1.974359 -5287.842265
21.102564 2.076923 -5282.144714
21.102564 2.179487 -5276.967088
21.102564 2.282051 -5272.494830
21.102564 2.384615 -5268.930105
21.102564 2.487179 -5266.486885
21.102564 2.589744 -5265.386405
21.102564 2.692308 -5265.854180
21.102564 2.794872 -5268.119910
21.102564 2.897436 -5272.421437
21.102564 3.000000 -5279.013250
22.358974 -1.000000 -5429.928017
22.358974 -0.897436 -5425.938902
22.358974 -0.794872 -5421.959591
22.358974 -0.692308 -5417.971300
22.358974 -0.589744 -5413.957310
22.358974 -0.487179 -5409.902782
22.358974 -0.384615 -5405.794618
22.358974 -0.282051 -5401.621360
22.358974 -0.179487 -5397.373076
22.358974 -0.076923 -5393.041229
22.358974 0.025641 -5388.618511
22.358974 0.128205 -5384.098620
22.358974 0.230769 -5379.476006
22.358974 0.333333 -5374.745590
22.358974 0.435897 -5369.902487
22.358974 0.538462 -5364.941788
22.358974 0.641026 -5359.858442
22.358974 0.743590 -5354.647296
22.358974 0.846154 -5349.303358
22.358974 0.948718 -5343.822323
22.358974 1.051282 -5338.201452
22.358974 1.153846 -5332.440882
22.358974 1.256410 -5326.545482
22.358974 1.358974 -5320.527341
22.358974 1.461538 -5314.408932
22.358974 1.564103 -5308.226807
22.358974 1.666667 -5302.035492
22.358974 1.769231 -5295.911053
22.358974 1.871795 -5289.953689
22.358974 1.974359 -5284.288837
22.358974 2.076923 -5279.066506
22.358974 2.179487 -5274.458911
22.358974 2.282051 -5270.656724
22.358974 2.384615 -5267.864502
22.358974 2.487179 -5266.295992
22.358974 2.589744 -5266.170302
22.358974 2.692308 -5267.710166
22.358974 2.794872 -5271.143607
22.358974 2.897436 -5276.709889
22.358974 3.000000 -5284.669833
23.615385 -1.000000 -5425.577636
23.615385 -0.897436 -5421.568193
23.615385 -0.794872 -5417.561980
23.615385 -0.692308 -5413.541455
23.615385 -0.589744 -5409.491191
23.615385 -0.487179 -5405.397691
23.615385 -0.384615 -5401.249245
23.615385 -0.282051 -5397.035800
23.615385 -0.179487 -5392.748819
23.615385 -0.076923 -5388.381105
23.615385 0.025641 -5383.926578
23.615385 0.128205 -5379.380010
23.615385 0.230769 -5374.736732
23.615385 0.333333 -5369.992332
23.615385 0.435897 -5365.142398
23.615385 0.538462 -5360.182341
23.615385 0.641026 -5355.107370
23.615385 0.743590 -5349.912645
23.615385 0.846154 -5344.593681
23.615385 0.948718 -5339.147057
23.615385 1.051282 -5333.571492
23.615385 1.153846 -5327.869401
23.615385 1.256410 -5322.049021
23.615385 1.358974 -5316.127199
23.615385 1.461538 -5310.132771
23.615385 1.564103 -5304.110327
23.615385 1.666667 -5298.123906
23.615385 1.769231 -5292.260038
23.615385 1.871795 -5286.629548
23.615385 1.974359 -5281.367747
23.615385 2.076923 -5276.632925
23.615385 2.179487 -5272.603358
23.615385 2.282051 -5269.473246
23.615385 2.384615 -5267.448149
23.615385 2.487179 -5266.740697
23.615385 2.589744 -5267.567614
23.615385 2.692308 -5270.149356
23.615385 2.794872 -5274.713519
23.615385 2.897436 -5281.502636
23.615385 3.000000 -5290.785913
24.871795 -1.000000 -5421.606074
24.871795 -0.897436 -5417.573082
24.871795 -0.794872 -5413.537959
24.871795 -0.692308 -5409.484457
24.871795 -0.589744 -5405.398465
24.871795 -0.487179 -5401.267822
24.871795 -0.384615 -5397.082166
24.871795 -0.282051 -5392.832772
24.871795 -0.179487 -5388.512378
24.871795 -0.076923 -5384.114957
24.871795 0.025641 -5379.635455
24.871795 0.128205 -5375.069484
24.871795 0.230769 -5370.413004
24.871795 0.333333 -5365.662032
24.871795 0.435897 -5360.812417
24.871795 0.538462 -5355.859737
24.871795 0.641026 -5350.799374
24.871795 0.743590 -5345.626797
24.871795 0.846154 -5340.338119
24.871795 0.948718 -5334.930973
24.871795 1.051282 -5329.405794
24.871795 1.153846 -5323.767611
24.871795 1.256410 -5318.028440
24.871795 1.358974 -5312.210313
24.871795 1.461538 -5306.348800
24.871795 1.564103 -5300.496711
24.871795 1.666667 -5294.727448
24.871795 1.769231 -5289.137423
24.871795 1.871795 -5283.847055
24.871795 1.974359 -5279.000142
24.871795 2.076923 -5274.761686
24.871795 2.179487 -5271.314477
24.871795 2.282051 -5268.854897
24.871795 2.384615 -5267.588512
24.871795 2.487179 -5267.726309
24.871795 2.589744 -5269.482705
24.871795 2.692308 -5273.076611
24.871795 2.794872 -5278.736555
24.871795 2.897436 -5286.710086
24.871795 3.000000 -5297.276535
26.128205 -1.000000 -5417.960676
26.128205 -0.897436 -5413.901747
26.128205 -0.794872 -5409.836590
26.128205 -0.692308 -5405.750248
26.128205 -0.589744 -5401.629900
26.128205 -0.487179 -5397.464671
26.128205 -0.384615 -5393.245461
26.128205 -0.282051 -5388.964759
26.128205 -0.179487 -5384.616422
26.128205 -0.076923 -5380.195409
26.128205 0.025641 -5375.697475
26.128205 0.128205 -5371.118841
26.128205 0.230769 -5366.455869
26.128205 0.333333 -5361.704802
26.128205 0.435897 -5356.861589
26.128205 0.538462 -5351.921883
26.128205 0.641026 -5346.881215
26.128205 0.743590 -5341.735422
26.128205 0.846154 -5336.481344
26.128205 0.948718 -5331.117875
26.128205 1.051282 -5325.647443
26.128205 1.153846 -5320.078033
26.128205 1.256410 -5314.425820
26.128205 1.358974 -5308.718388
26.128205 1.461538 -5302.998296
26.128205 1.564103 -5297.326598
26.128205 1.666667 -5291.785737
26.128205 1.769231 -5286.481281
26.128205 1.871795 -5281.542159
26.128205 1.974359 -5277.119337
26.128205 2.076923 -5273.383151
26.128205 2.179487 -5270.519638
26.128205 2.282051 -5268.726323
26.128205 2.384615 -5268.208086
26.128205 2.487179 -5269.174035
26.128205 2.589744 -5271.836587
26.128205 2.692308 -5276.414002
26.128205 2.794872 -5283.137108
26.128205 2.897436 -5292.260068
26.128205 3.000000 -5304.073735
27.384615 -1.000000 -5414.597159
27.384615 -0.897436 -5410.510865
27.384615 -0.794872 -5406.415481
27.384615 -0.692308 -5402.297295
27.384615 -0.589744 -5398.144713
27.384615 -0.487179 -5393.948060
27.384615 -0.384615 -5389.699391
27.384615 -0.282051 -5385.392265
27.384615 -0.179487 -5381.021489
27.384615 -0.076923 -5376.582810
27.384615 0.025641 -5372.072581
27.384615 0.128205 -5367.487416
27.384615 0.230769 -5362.823886
27.384615 0.333333 -5358.078298
27.384615 0.435897 -5353.246600
27.384615 0.538462 -5348.324474
27.384615 0.641026 -5343.307635
27.384615 0.743590 -5338.192387
27.384615 0.846154 -5332.976461
27.384615 0.948718 -5327.660236
27.384615 1.051282 -5322.248417
27.384615 1.153846 -5316.752273
27.384615 1.256410 -5311.192482
27.384615 1.358974 -5305.602468
27.384615 1.461538 -5300.031920
27.384615 1.564103 -5294.550012
27.384615 1.666667 -5289.247764
27.384615 1.769231 -5284.239090
27.384615 1.871795 -5279.660352
27.384615 1.974359 -5275.668483
27.384615 2.076923 -5272.437979
27.384615 2.179487 -5270.157096
27.384615 2.282051 -5269.023724
27.384615 2.384615 -5269.241610
27.384615 2.487179 -5271.017961
27.384615 2.589744 -5274.563677
27.384615 2.692308 -5280.097336
27.384615 2.794872 -5287.853400
27.384615 2.897436 -5298.094047
27.384615 3.000000 -5311.122712
28.641026 -1.000000 -5411.478466
28.641026 -0.897436 -5407.364334
28.641026 -0.794872 -5403.239397
28.641026 -0.692308 -5399.091117
28.641026 -0.589744 -5394.909040
28.641026 -0.487179 -5390.684586
28.641026 -0.384615 -5386.410831
28.641026 -0.282051 -5382.082253
28.641026 -0.179487 -5377.694429
28.641026 -0.076923 -5373.243702
28.641026 0.025641 -5368.726823
28.641026 0.128205 -5364.140612
28.641026 0.230769 -5359.481691
28.641026 0.333333 -5354.746315
28.641026 0.435897 -5349.930376
28.641026 0.538462 -5345.029594
28.641026 0.641026 -5340.039940
28.641026 0.743590 -5334.958312
28.641026 0.846154 -5329.783518
28.641026 0.948718 -5324.517657
28.641026 1.051282 -5319.167985
28.641026 1.153846 -5313.749364
28.641026 1.256410 -5308.287268
28.641026 1.358974 -5302.821169
28.641026 1.461538 -5297.407908
28.641026 1.564103 -5292.124528
28.641026 1.666667 -5287.070061
28.641026 1.769231 -5282.365924
28.641026 1.871795 -5278.154886
28.641026 1.974359 -5274.598785
28.641026 2.076923 -5271.875293
28.641026 2.179487 -5270.174075
28.641026 2.282051 -5269.692813
28.641026 2.384615 -5270.633865
28.641026 2.487179 -5273.202682
28.641026 2.589744 -5277.609241
28.641026 2.692308 -5284.073449
28.641026 2.794872 -5292.834651
28.641026 2.897436 -5304.164236
28.641026 3.000000 -5318.378932
29.897436 -1.000000 -5408.573674
29.897436 -0.897436 -5404.432095
29.897436 -0.794872 -5400.279031
29.897436 -0.692308 -5396.103023
29.897436 -0.589744 -5391.894654
29.897436 -0.487179 -5387.646320
29.897436 -0.384615 -5383.351981
29.897436 -0.282051 -5379.006871
29.897436 -0.179487 -5374.607164
29.897436 -0.076923 -5370.149612
29.897436 0.025641 -5365.631187
29.897436 0.128205 -5361.048761
29.897436 0.230769 -5356.398882
29.897436 0.333333 -5351.677686
29.897436 0.435897 -5346.880996
29.897436 0.538462 -5342.004617
29.897436 0.641026 -5337.044878
29.897436 0.743590 -5331.999419
29.897436 0.846154 -5326.868320
29.897436 0.948718 -5321.655631
29.897436 1.051282 -5316.371429
29.897436 1.153846 -5311.034441
29.897436 1.256410 -5305.675176
29.897436 1.358974 -5300.339273
29.897436 1.461538 -5295.090641
29.897436 1.564103 -5290.013840
29.897436 1.666667 -5285.215285
29.897436 1.769231 -5280.823053
29.897436 1.871795 -5276.985383
29.897436 1.974359 -5273.868098
29.897436 2.076923 -5271.651241
29.897436 2.179487 -5270.525247
29.897436 2.282051 -5270.687185
29.897436 2.384615 -5272.337917
29.897436 2.487179 -5275.681407
29.897436 2.589744 -5280.927385
29.897436 2.692308 -5288.298090
29.897436 2.794872 -5298.038893
29.897436 2.897436 -5310.431366
29.897436 3.000000 -5325.805932
31.153846 -1.000000 -5405.856992
31.153846 -0.897436 -5401.689100
31.153846 -0.794872 -5397.509941
31.153846 -0.692308 -5393.309037
31.153846 -0.589744 -5389.077895
31.153846 -0.487179 -5384.809762
31.153846 -0.384615 -5380.499337
31.153846 -0.282051 -5376.142452
31.153846 -0.179487 -5371.735710
31.153846 -0.076923 -5367.276106
31.153846 0.025641 -5362.760679
31.153846 0.128205 -5358.186227
31.153846 0.230769 -5353.549144
31.153846 0.333333 -5348.845417
31.153846 0.435897 -5344.070822
31.153846 0.538462 -5339.221328
31.153846 0.641026 -5334.293740
31.153846 0.743590 -5329.286606
31.153846 0.846154 -5324.201468
31.153846 0.948718 -5319.044556
31.153846 1.051282 -5313.829013
31.153846 1.153846 -5308.577676
31.153846 1.256410 -5303.326260
31.153846 1.358974 -5298.126610
31.153846 1.461538 -5293.049520
31.153846 1.564103 -5288.186641
31.153846 1.666667 -5283.651109
31.153846 1.769231 -5279.576858
31.153846 1.871795 -5276.116758
31.153846 1.974359 -5273.439837
31.153846 2.076923 -5271.727850
31.153846 2.179487 -5271.171513
31.153846 2.282051 -5271.967003
31.153846 2.384615 -5274.313699
31.153846 2.487179 -5278.414448
31.153846 2.589744 -5284.479449
31.153846 2.692308 -5292.734245
31.153846 2.794872 -5303.431251
31.153846 2.897436 -5316.862975
31.153846 3.000000 -5333.373635
32.410256 -1.000000 -5403.306891
32.410256 -0.897436 -5399.114420
32.410256 -0.794872 -5394.911664
32.410256 -0.692308 -5390.689020
32.410256 -0.589744 -5386.438806
32.410256 -0.487179 -5382.154987
32.410256 -0.384615 -5377.832864
32.410256 -0.282051 -5373.468713
32.410256 -0.179487 -5369.059410
32.410256 -0.076923 -5364.602047
32.410256 0.025641 -5360.093603
32.410256 0.128205 -5355.530712
32.410256 0.230769 -5350.909563
32.410256 0.333333 -5346.226001
32.410256 0.435897 -5341.475808
32.410256 0.538462 -5336.655214
32.410256 0.641026 -5331.761636
32.410256 0.743590 -5326.794690
32.410256 0.846154 -5321.757577
32.410256 0.948718 -5316.658918
32.410256 1.051282 -5311.515150
32.410256 1.153846 -5306.353416
32.410256 1.256410 -5301.214752
32.410256 1.358974 -5296.157162
32.410256 1.461538 -5291.258074
32.410256 1.564103 -5286.615739
32.410256 1.666667 -5282.349359
32.410256 1.769231 -5278.597978
32.410256 1.871795 -5275.518362
32.410256 1.974359 -5273.282091
32.410256 2.076923 -5272.072099
32.410256 2.179487 -5272.079006
32.410256 2.282051 -5273.497930
32.410256 2.384615 -5276.526877
32.410256 2.487179 -5281.368008
32.410256 2.589744 -5288.232730
32.410256 2.692308 -5297.350812
32.410256 2.794872 -5308.982596
32.410256 2.897436 -5323.432059
32.410256 3.000000 -5341.057051
33.666667 -1.000000 -5400.905355
33.666667 -0.897436 -5396.690501
33.666667 -0.794872 -5392.466977
33.666667 -0.692308 -5388.225946
33.666667 -0.589744 -5383.960423
33.666667 -0.487179 -5379.664968
33.666667 -0.384615 -5375.335342
33.666667 -0.282051 -5370.968126
33.666667 -0.179487 -5366.560329
33.666667 -0.076923 -5362.109013
33.666667 0.025641 -5357.611001
33.666667 0.128205 -5353.062696
33.666667 0.230769 -5348.460076
33.666667 0.333333 -5343.798869
33.666667 0.435897 -5339.074942
33.666667 0.538462 -5334.284896
33.666667 0.641026 -5329.426899
33.666667 0.743590 -5324.501801
33.666667 0.846154 -5319.514641
33.666667 0.948718 -5314.476638
33.666667 1.051282 -5309.407717
33.666667 1.153846 -5304.339484
33.666667 1.256410 -5299.318347
33.666667 1.358974 -5294.408354
33.666667 1.461538 -5289.693243
33.666667 1.564103 -5285.277359
33.666667 1.666667 -5281.285328
33.666667 1.769231 -5277.860632
33.666667 1.871795 -5275.163296
33.666667 1.974359 -5273.366909
33.666667 2.076923 -5272.655160
33.666667 2.179487 -5273.218286
33.666667 2.282051 -5275.250263
33.666667 2.384615 -5278.947912
33.666667 2.487179 -5284.513189
33.666667 2.589744 -5292.159450
33.666667 2.692308 -5302.121541
33.666667 2.794872 -5314.668475
33.666667 2.897436 -5330.116024
33.666667 3.000000 -5348.835270
34.923077 -1.000000 -5398.637251
34.923077 -0.897436 -5394.402545
34.923077 -0.794872 -5390.161291
34.923077 -0.692308 -5385.905317
34.923077 -0.589744 -5381.628221
34.923077 -0.487179 -5377.325034
34.923077 -0.384615 -5372.991850
34.923077 -0.282051 -5368.625425
34.923077 -0.179487 -5364.222777
34.923077 -0.076923 -5359.780838
34.923077 0.025641 -5355.296200
34.923077 0.128205 -5350.765008
34.923077 0.230769 -5346.183034
34.923077 0.333333 -5341.545949
34.923077 0.435897 -5336.849793
34.923077 0.538462 -5332.091658
34.923077 0.641026 -5327.270603
34.923077 0.743590 -5322.388870
34.923077 0.846154 -5317.453512
34.923077 0.948718 -5312.478528
34.923077 1.051282 -5307.487504
34.923077 1.153846 -5302.516614
34.923077 1.256410 -5297.617632
34.923077 1.358974 -5292.860471
34.923077 1.461538 -5288.334816
34.923077 1.564103 -5284.150586
34.923077 1.666667 -5280.437232
34.923077 1.769231 -5277.342071
34.923077 1.871795 -5275.027852
34.923077 1.974359 -5273.669723
34.923077 2.076923 -5273.451778
34.923077 2.179487 -5274.563669
34.923077 2.282051 -5277.198217
34.923077 2.384615 -5281.551301
34.923077 2.487179 -5287.825196
34.923077 2.589744 -5296.235923
34.923077 2.692308 -5307.024187
34.923077 2.794872 -5320.468264
34.923077 2.897436 -5336.895859
34.923077 3.000000 -5356.690673
36.179487 -1.000000 -5396.489804
36.179487 -0.897436 -5392.237999
36.179487 -0.794872 -5387.982165
36.179487 -0.692308 -5383.714694
36.179487 -0.589744 -5379.429656
36.179487 -0.487179 -5375.122440
36.179487 -0.384615 -5370.789353
36.179487 -0.282051 -5366.427209
36.179487 -0.179487 -5362.032934
36.179487 -0.076923 -5357.603247
36.179487 0.025641 -5353.134463
36.179487 0.128205 -5348.622462
36.179487 0.230769 -5344.062846
36.179487 0.333333 -5339.451298
36.179487 0.435897 -5334.784133
36.179487 0.538462 -5330.059057
36.179487 0.641026 -5325.276155
36.179487 0.743590 -5320.439212
36.179487 0.846154 -5315.557461
36.179487 0.948718 -5310.647846
36.179487 1.051282 -5305.737749
36.179487 1.153846 -5300.867980
36.179487 1.256410 -5296.095612
36.179487 1.358974 -5291.496195
36.179487 1.461538 -5287.164970
36.179487 1.564103 -5283.216918
36.179487 1.666667 -5279.785767
36.179487 1.769231 -5277.022142
36.179487 1.871795 -5275.091062
36.179487 1.974359 -5274.168859
36.179487 2.076923 -5274.439756
36.179487 2.179487 -5276.092673
36.179487 2.282051 -5279.319329
36.179487 2.384615 -5284.314956
36.179487 2.487179 -5291.282679
36.179487 2.589744 -5300.441881
36.179487 2.692308 -5312.039815
36.179487 2.794872 -5326.364482
36.179487 2.897436 -5343.755472
36.179487 3.000000 -5364.608315
37.435897 -1.000000 -5394.452171
37.435897 -0.897436 -5390.186147
37.435897 -0.794872 -5385.918910
37.435897 -0.692308 -5381.643316
37.435897 -0.589744 -5377.353808
37.435897 -0.487179 -5373.046025
37.435897 -0.384615 -5368.716378
37.435897 -0.282051 -5364.361637
37.435897 -0.179487 -5359.978549
37.435897 -0.076923 -5355.563565
37.435897 0.025641 -5351.112698
37.435897 0.128205 -5346.621578
37.435897 0.230769 -5342.085688
37.435897 0.333333 -5337.500808
37.435897 0.435897 -5332.863633
37.435897 0.538462 -5328.172603
37.435897 0.641026 -5323.428962
37.435897 0.743590 -5318.638182
37.435897 0.846154 -5313.811826
37.435897 0.948718 -5308.969925
37.435897 1.051282 -5304.143767
37.435897 1.153846 -5299.378814
37.435897 1.256410 -5294.737328
37.435897 1.358974 -5290.300228
37.435897 1.461538 -5286.167901
37.435897 1.564103 -5282.459909
37.435897 1.666667 -5279.313754
37.435897 1.769231 -5276.882921
37.435897 1.871795 -5275.334313
37.435897 1.974359 -5274.845137
37.435897 2.076923 -5275.599522
37.435897 2.179487 -5277.785563
37.435897 2.282051 -5281.593977
37.435897 2.384615 -5287.219681
37.435897 2.487179 -5294.867193
37.435897 2.589744 -5304.759917
37.435897 2.692308 -5317.152254
37.435897 2.794872 -5332.342247
37.435897 2.897436 -5350.681170
37.435897 3.000000 -5372.575437
38.692308 -1.000000 -5392.515083
38.692308 -0.897436 -5388.237771
38.692308 -0.794872 -5383.962266
38.692308 -0.692308 -5379.681803
38.692308 -0.589744 -5375.391100
38.692308 -0.487179 -5371.085944
38.692308 -0.384615 -5366.762757
38.692308 -0.282051 -5362.418176
38.692308 -0.179487 -5358.048704
38.692308 -0.076923 -5353.650484
38.692308 0.025641 -5349.219227
38.692308 0.128205 -5344.750342
38.692308 0.230769 -5340.239262
38.692308 0.333333 -5335.681953
38.692308 0.435897 -5331.075599
38.692308 0.538462 -5326.419488
38.692308 0.641026 -5321.716152
38.692308 0.743590 -5316.972881
38.692308 0.846154 -5312.203706
38.692308 0.948718 -5307.431869
38.692308 1.051282 -5302.692633
38.692308 1.153846 -5298.036094
38.692308 1.256410 -5293.529545
38.692308 1.358974 -5289.258979
38.692308 1.461538 -5285.329527
38.692308 1.564103 -5281.864870
38.692308 1.666667 -5279.005847
38.692308 1.769231 -5276.908417
38.692308 1.871795 -5275.741040
38.692308 1.974359 -5275.681538
38.692308 2.076923 -5276.913769
38.692308 2.179487 -5279.624957
38.692308 2.282051 -5284.004962
38.692308 2.384615 -5290.248745
38.692308 2.487179 -5298.562758
38.692308 2.589744 -5309.175035
38.692308 2.692308 -5322.347632
38.692308 2.794872 -5338.388833
38.692308 2.897436 -5357.661233
38.692308 3.000000 -5380.581076
39.948718 -1.000000 -5390.670563
39.948718 -0.897436 -5386.384877
39.948718 -0.794872 -5382.104151
39.948718 -0.692308 -5377.821910
39.948718 -0.589744 -5373.533059
39.948718 -0.487179 -5369.233447
39.948718 -0.384615 -5364.919417
39.948718 -0.282051 -5360.587404
39.948718 -0.179487 -5356.233618
39.948718 -0.076923 -5351.853873
39.948718 0.025641 -5347.443593
39.948718 0.128205 -5342.998015
39.948718 0.230769 -5338.512597
39.948718 0.333333 -5333.983585
39.948718 0.435897 -5329.408756
39.948718 0.538462 -5324.788360
39.948718 0.641026 -5320.126334
39.948718 0.743590 -5315.431912
39.948718 0.846154 -5310.721713
39.948718 0.948718 -5306.022291
39.948718 1.051282 -5301.372923
39.948718 1.153846 -5296.828279
39.948718 1.256410 -5292.460493
39.948718 1.358974 -5288.360320
39.948718 1.461538 -5284.637237
39.948718 1.564103 -5281.418631
39.948718 1.666667 -5278.848290
39.948718 1.769231 -5277.084315
39.948718 1.871795 -5276.296451
39.948718 1.974359 -5276.662915
39.948718 2.076923 -5278.367152
39.948718 2.179487 -5281.595510
39.948718 2.282051 -5286.537173
39.948718 2.384615 -5293.387527
39.948718 2.487179 -5302.355485
39.948718 2.589744 -5313.674269
39.948718 2.692308 -5327.614015
39.948718 2.794872 -5344.493307
39.948718 2.897436 -5364.685583
39.948718 3.000000 -5388.615759
41.205128 -1.000000 -5388.911694
41.205128 -0.897436 -5384.620484
41.205128 -0.794872 -5380.337452
41.205128 -0.692308 -5376.056336
41.205128 -0.589744 -5371.772146
41.205128 -0.487179 -5367.480709
41.205128 -0.384615 -5363.178219
41.205128 -0.282051 -5358.860852
41.205128 -0.179487 -5354.524492
41.205128 -0.076923 -5350.164622
41.205128 0.025641 -5345.776405
41.205128 0.128205 -5341.354970
41.205128 0.230769 -5336.895878
41.205128 0.333333 -5332.395751
41.205128 0.435897 -5327.853063
41.205128 0.538462 -5323.269130
41.205128 0.641026 -5318.649404
41.205128 0.743590 -5314.005175
41.205128 0.846154 -5309.355760
41.205128 0.948718 -5304.731098
41.205128 1.051282 -5300.174494
41.205128 1.153846 -5295.745091
41.205128 1.256410 -5291.519653
41.205128 1.358974 -5287.593373
41.205128 1.461538 -5284.079697
41.205128 1.564103 -5281.109343
41.205128 1.666667 -5278.828714
41.205128 1.769231 -5277.397771
41.205128 1.871795 -5276.987310
41.205128 1.974359 -5277.775753
41.205128 2.076923 -5279.946026
41.205128 2.179487 -5283.683635
41.205128 2.282051 -5289.177295
41.205128 2.384615 -5296.623213
41.205128 2.487179 -5306.233270
41.205128 2.589744 -5318.246382
41.205128 2.692308 -5332.941090
41.205128 2.794872 -5350.646238
41.205128 2.897436 -5371.745503
41.205128 3.000000 -5396.671253
42.461538 -1.000000 -5387.232428
42.461538 -0.897436 -5382.938443
42.461538 -0.794872 -5378.655864
42.461538 -0.692308 -5374.378569
42.461538 -0.589744 -5370.101600
42.461538 -0.487179 -5365.820689
42.461538 -0.384615 -5361.531823
42.461538 -0.282051 -5357.230873
42.461538 -0.179487 -5352.913380
42.461538 -0.076923 -5348.574508
42.461538 0.025641 -5344.209205
42.461538 0.128205 -5339.812554
42.461538 0.230769 -5335.380305
42.461538 0.333333 -5330.909551
42.461538 0.435897 -5326.399557
42.461538 0.538462 -5321.852807
42.461538 0.641026 -5317.276369
42.461538 0.743590 -5312.683691
42.461538 0.846154 -5308.096881
42.461538 0.948718 -5303.549316
42.461538 1.051282 -5299.088304
42.461538 1.153846 -5294.777341
42.461538 1.256410 -5290.697581
42.461538 1.358974 -5286.948339
42.461538 1.461538 -5283.646678
42.461538 1.564103 -5280.926311
42.461538 1.666667 -5278.935968
42.461538 1.769231 -5277.837231
42.461538 1.871795 -5277.801739
42.461538 1.974359 -5279.007963
42.461538 2.076923 -5281.638234
42.461538 2.179487 -5285.877274
42.461538 2.282051 -5291.913571
42.461538 2.384615 -5299.944545
42.461538 2.487179 -5310.185535
42.461538 2.589744 -5322.881600
42.461538 2.692308 -5338.319922
42.461538 2.794872 -5356.839453
42.461538 2.897436 -5378.833417
42.461538 3.000000 -5404.740364
43.717949 -1.000000 -5385.627439
43.717949 -0.897436 -5381.333298
43.717949 -0.794872 -5377.053755
43.717949 -0.692308 -5372.782762
43.717949 -0.589744 -5368.515324
43.717949 -0.487179 -5364.247021
43.717949 -0.384615 -5359.973577
43.717949 -0.282051 -5355.690534
43.717949 -0.179487 -5351.393084
43.717949 -0.076923 -5347.076097
43.717949 0.025641 -5342.734356
43.717949 0.128205 -5338.362971
43.717949 0.230769 -5333.957969
43.717949 0.333333 -5329.517001
43.717949 0.435897 -5325.040218
43.717949 0.538462 -5320.531360
43.717949 0.641026 -5315.999206
43.717949 0.743590 -5311.459457
43.717949 0.846154 -5306.937081
43.717949 0.948718 -5302.468928
43.717949 1.051282 -5298.106260
43.717949 1.153846 -5293.916772
43.717949 1.256410 -5289.985765
43.717949 1.358974 -5286.416361
43.717949 1.461538 -5283.328919
43.717949 1.564103 -5280.859851
43.717949 1.666667 -5279.159972
43.717949 1.769231 -5278.392272
43.717949 1.871795 -5278.729058
43.717949 1.974359 -5280.348709
43.717949 2.076923 -5283.432914
43.717949 2.179487 -5288.165702
43.717949 2.282051 -5294.735589
43.717949 2.384615 -5303.341610
43.717949 2.487179 -5314.203018
43.717949 2.589744 -5327.571400
43.717949 2.692308 -5343.742738
43.717949 2.794872 -5363.065843
43.717949 2.897436 -5385.942709
43.717949 3.000000 -5412.816779
44.974359 -1.000000 -5384.091996
44.974359 -0.897436 -5379.800169
44.974359 -0.794872 -5375.526059
44.974359 -0.692308 -5371.263629
44.974359 -0.589744 -5367.007791
44.974359 -0.487179 -5362.753917
44.974359 -0.384615 -5358.497432
44.974359 -0.282051 -5354.233530
44.974359 -0.179487 -5349.957063
44.974359 -0.076923 -5345.662643
44.974359 0.025641 -5341.344945
44.974359 0.128205 -5336.999185
44.974359 0.230769 -5332.621747
44.974359 0.333333 -5328.210930
44.974359 0.435897 -5323.767852
44.974359 0.538462 -5319.297597
44.974359 0.641026 -5314.810739
44.974359 0.743590 -5310.325313
44.974359 0.846154 -5305.869208
44.974359 0.948718 -5301.482752
44.974359 1.051282 -5297.221085
44.974359 1.153846 -5293.155937
44.974359 1.256410 -5289.376497
44.974359 1.358974 -5285.989401
44.974359 1.461538 -5283.118008
44.974359 1.564103 -5280.901178
44.974359 1.666667 -5279.491594
44.974359 1.769231 -5279.053477
44.974359 1.871795 -5279.759638
44.974359 1.974359 -5281.788253
44.974359 2.076923 -5285.320341
44.974359 2.179487 -5290.539355
44.974359 2.282051 -5297.634114
44.974359 2.384615 -5306.805658
44.974359 2.487179 -5318.277582
44.974359 2.589744 -5332.308329
44.974359 2.692308 -5349.202756
44.974359 2.794872 -5369.319195
44.974359 2.897436 -5393.067575
44.974359 3.000000 -5420.894928
46.230769 -1.000000 -5382.621869
46.230769 -0.897436 -5378.334666
46.230769 -0.794872 -5374.068193
46.230769 -0.692308 -5369.816371
46.230769 -0.589744 -5365.573964
46.230769 -0.487179 -5361.336097
46.230769 -0.384615 -5357.097866
46.230769 -0.282051 -5352.854110
46.230769 -0.179487 -5348.599361
46.230769 -0.076923 -5344.328016
46.230769 0.025641 -5340.034707
46.230769 0.128205 -5335.714831
46.230769 0.230769 -5331.365213
46.230769 0.333333 -5326.984880
46.230769 0.435897 -5322.575994
46.230769 0.538462 -5318.145064
46.230769 0.641026 -5313.704533
46.230769 0.743590 -5309.274841
46.230769 0.846154 -5304.886843
46.230769 0.948718 -5300.584325
46.230769 1.051282 -5296.426216
46.230769 1.153846 -5292.488090
46.230769 1.256410 -5288.862776
46.230769 1.358974 -5285.660143
46.230769 1.461538 -5283.006288
46.230769 1.564103 -5281.042299
46.230769 1.666667 -5279.922546
46.230769 1.769231 -5279.812317
46.230769 1.871795 -5280.884786
46.230769 1.974359 -5283.317826
46.230769 2.076923 -5287.291789
46.230769 2.179487 -5292.989691
46.230769 2.282051 -5300.600934
46.230769 2.384615 -5310.328950
46.230769 2.487179 -5322.402066
46.230769 2.589744 -5337.085852
46.230769 2.692308 -5354.694036
46.230769 2.794872 -5375.594061
46.230769 2.897436 -5400.202898
46.230769 3.000000 -5428.969882
47.487179 -1.000000 -5381.213246
47.487179 -0.897436 -5376.932808
47.487179 -0.794872 -5372.675983
47.487179 -0.692308 -5368.436602
47.487179 -0.589744 -5364.209236
47.487179 -0.487179 -5359.988725
47.487179 -0.384615 -5355.769823
47.487179 -0.282051 -5351.547014
47.487179 -0.179487 -5347.314539
47.487179 -0.076923 -5343.066633
47.487179 0.025641 -5338.797948
47.487179 0.128205 -5334.504143
47.487179 0.230769 -5330.182559
47.487179 0.333333 -5325.833025
47.487179 0.435897 -5321.458823
47.487179 0.538462 -5317.067952
47.487179 0.641026 -5312.674801
47.487179 0.743590 -5308.302270
47.487179 0.846154 -5303.984203
47.487179 0.948718 -5299.767815
47.487179 1.051282 -5295.715707
47.487179 1.153846 -5291.907101
47.487179 1.256410 -5288.438219
47.487179 1.358974 -5285.421905
47.487179 1.461538 -5282.986767
47.487179 1.564103 -5281.275928
47.487179 1.666667 -5280.445286
47.487179 1.769231 -5280.661051
47.487179 1.871795 -5282.096632
47.487179 1.974359 -5284.929518
47.487179 2.076923 -5289.339416
47.487179 2.179487 -5295.509061
47.487179 2.282051 -5303.628734
47.487179 2.384615 -5313.904627
47.487179 2.487179 -5326.570155
47.487179 2.589744 -5341.898225
47.487179 2.692308 -5360.211362
47.487179 2.794872 -5381.885643
47.487179 2.897436 -5407.344150
47.487179 3.000000 -5437.037263
48.743590 -1.000000 -5379.862671
48.743590 -0.897436 -5375.590968
48.743590 -0.794872 -5371.345611
48.743590 -0.692308 -5367.120300
48.743590 -0.589744 -5362.909374
48.743590 -0.487179 -5358.707361
48.743590 -0.384615 -5354.508661
48.743590 -0.282051 -5350.307422
48.743590 -0.179487 -5346.097626
48.743590 -0.076923 -5341.873400
48.743590 0.025641 -5337.629491
48.743590 0.128205 -5333.361888
48.743590 0.230769 -5329.068525
48.743590 0.333333 -5324.750100
48.743590 0.435897 -5320.411082
48.743590 0.538462 -5316.061025
48.743590 0.641026 -5311.716326
48.743590 0.743590 -5307.402392
48.743590 0.846154 -5303.156066
48.743590 0.948718 -5299.027940
48.743590 1.051282 -5295.084151
48.743590 1.153846 -5291.407376
48.743590 1.256410 -5288.096989
48.743590 1.358974 -5285.268576
48.743590 1.461538 -5283.053050
48.743590 1.564103 -5281.595411
48.743590 1.666667 -5281.052943
48.743590 1.769231 -5281.592645
48.743590 1.871795 -5283.388040
48.743590 1.974359 -5286.616177
48.743590 2.076923 -5291.456156
48.743590 2.179487 -5298.090609
48.743590 2.282051 -5306.710987
48.743590 2.384615 -5317.526599
48.743590 2.487179 -5330.776265
48.743590 2.589744 -5346.740383
48.743590 2.692308 -5365.750138
48.743590 2.794872 -5388.189696
48.743590 2.897436 -5414.487308
48.743590 3.000000 -5445.093167
50.000000 -1.000000 -5378.566989
50.000000 -0.897436 -5374.305821
50.000000 -0.794872 -5370.073569
50.000000 -0.692308 -5365.863762
50.000000 -0.589744 -5361.670477
50.000000 -0.487179 -5357.487911
50.000000 -0.384615 -5353.310111
50.000000 -0.282051 -5349.130906
50.000000 -0.179487 -5344.944066
50.000000 -0.076923 -5340.743665
50.000000 0.025641 -5336.524616
50.000000 0.128205 -5332.283308
50.000000 0.230769 -5328.018338
50.000000 0.333333 -5323.731338
50.000000 0.435897 -5319.428018
50.000000 0.538462 -5315.119552
50.000000 0.641026 -5310.824395
50.000000 0.743590 -5306.570500
50.000000 0.846154 -5302.397700
50.000000 0.948718 -5298.359895
50.000000 1.051282 -5294.526618
50.000000 1.153846 -5290.983798
50.000000 1.256410 -5287.833734
50.000000 1.358974 -5285.194544
50.000000 1.461538 -5283.199275
50.000000 1.564103 -5281.994660
50.000000 1.666667 -5281.739244
50.000000 1.769231 -5282.600689
50.000000 1.871795 -5284.752530
50.000000 1.974359 -5288.371327
50.000000 2.076923 -5293.635635
50.000000 2.179487 -5300.728172
50.000000 2.282051 -5309.841855
50.000000 2.384615 -5321.189447
50.000000 2.487179 -5335.015449
50.000000 2.589744 -5351.607852
50.000000 2.692308 -5371.306297
50.000000 2.794872 -5394.502459
50.000000 2.897436 -5421.628786
50.000000 3.000000 -5453.134110